family	distance	size	phyloscore	alignscore
WGD2ANC00008	61	7	0.964285714286	0.992857142857
WGD2ANC00012	9	6	1.0	1.0
WGD2ANC00014	1	9	1.0	1.0
WGD2ANC00029	2	13	1.0	1.0
WGD2ANC00029	93	6	1.0	1.0
WGD2ANC00041	4	9	1.0	1.0
WGD2ANC00043	22	6	0.983333333333	1.0
WGD2ANC00047	27	7	0.985714285714	1.0
WGD2ANC00051	192	8	0.9375	1.0
WGD2ANC00051	211	8	0.8125	1.0
WGD2ANC00055	23	7	1.0	0.992857142857
WGD2ANC00066	5	10	0.95	1.0
WGD2ANC00070	10	6	0.9	1.0
WGD2ANC00075	13	7	1.0	1.0
WGD2ANC00082	12	7	1.0	1.0
WGD2ANC00087	108	7	1.0	1.0
WGD2ANC00087	129	53	1.0	1.0
WGD2ANC00093	4	7	1.0	1.0
WGD2ANC00093	27	9	1.0	1.0
WGD2ANC00094	179	23	1.0	1.0
WGD2ANC00097	23	9	1.0	1.0
WGD2ANC00097	189	7	1.0	1.0
WGD2ANC00097	243	6	1.0	1.0
WGD2ANC00121	7	15	1.0	1.0
WGD2ANC00123	5	22	1.0	1.0
WGD2ANC00123	237	9	1.0	1.0
WGD2ANC00130	1	8	1.0	1.0
WGD2ANC00132	33	9	1.0	1.0
WGD2ANC00132	43	6	1.0	1.0
WGD2ANC00132	54	25	1.0	1.0
WGD2ANC00150	3	12	1.0	1.0
WGD2ANC00157	4	11	1.0	1.0
WGD2ANC00157	17	23	1.0	1.0
WGD2ANC00161	3	11	1.0	1.0
WGD2ANC00169	1	7	1.0	1.0
WGD2ANC00169	11	18	1.0	1.0
WGD2ANC00169	196	6	1.0	1.0
WGD2ANC00182	11	6	1.0	1.0
WGD2ANC00193	19	6	1.0	0.991666666667
WGD2ANC00199	10	6	1.0	1.0
WGD2ANC00203	7	13	1.0	1.0
WGD2ANC00232	40	12	1.0	1.0
WGD2ANC00238	2	14	1.0	1.0
WGD2ANC00238	81	8	1.0	1.0
WGD2ANC00255	7	9	1.0	1.0
WGD2ANC00262	22	7	1.0	1.0
WGD2ANC00264	148	8	1.0	1.0
WGD2ANC00264	173	10	1.0	1.0
WGD2ANC00265	70	6	0.941666666667	1.0
WGD2ANC00265	81	13	0.980769230769	1.0
WGD2ANC00268	8	12	1.0	1.0
WGD2ANC00300	1	6	1.0	1.0
WGD2ANC00302	44	6	1.0	1.0
WGD2ANC00302	59	9	1.0	1.0
WGD2ANC00306	6	6	0.925	0.933333333333
WGD2ANC00309	181	6	1.0	1.0
WGD2ANC00320	30	8	1.0	1.0
WGD2ANC00320	58	19	1.0	1.0
WGD2ANC00323	64	6	1.0	1.0
WGD2ANC00324	135	6	1.0	1.0
WGD2ANC00339	184	10	1.0	1.0
WGD2ANC00341	6	13	1.0	1.0
WGD2ANC00345	214	8	1.0	1.0
WGD2ANC00346	14	9	1.0	1.0
WGD2ANC00361	1	28	1.0	1.0
WGD2ANC00365	158	9	0.888888888889	0.911111111111
WGD2ANC00365	175	6	0.966666666667	0.95
WGD2ANC00370	2	27	1.0	1.0
WGD2ANC00379	2	15	1.0	1.0
WGD2ANC00382	34	9	1.0	1.0
WGD2ANC00386	5	35	1.0	1.0
WGD2ANC00387	6	20	1.0	1.0
WGD2ANC00396	3	8	1.0	1.0
WGD2ANC00396	16	11	1.0	1.0
WGD2ANC00407	1	18	1.0	1.0
WGD2ANC00407	19	11	1.0	1.0
WGD2ANC00411	12	12	1.0	1.0
WGD2ANC00416	25	11	1.0	1.0
WGD2ANC00422	2	10	0.955	1.0
WGD2ANC00442	184	14	1.0	1.0
WGD2ANC00442	203	13	1.0	1.0
WGD2ANC00444	20	6	1.0	1.0
WGD2ANC00448	3	9	1.0	1.0
WGD2ANC00449	10	12	1.0	1.0
WGD2ANC00449	24	9	1.0	1.0
WGD2ANC00451	3	11	1.0	1.0
WGD2ANC00468	4	39	1.0	1.0
WGD2ANC00482	227	6	1.0	1.0
WGD2ANC00492	1	11	1.0	1.0
WGD2ANC00496	2	7	1.0	1.0
WGD2ANC00511	11	14	1.0	1.0
WGD2ANC00513	3	12	1.0	1.0
WGD2ANC00519	55	7	1.0	1.0
WGD2ANC00530	10	7	1.0	1.0
WGD2ANC00566	8	11	1.0	1.0
WGD2ANC00582	12	7	1.0	1.0
WGD2ANC00589	14	9	0.888888888889	1.0
WGD2ANC00595	9	6	1.0	1.0
WGD2ANC00599	5	12	0.95	0.975
WGD2ANC00604	71	16	1.0	1.0
WGD2ANC00604	90	8	1.0	1.0
WGD2ANC00629	5	31	1.0	1.0
WGD2ANC00629	62	8	1.0	1.0
WGD2ANC00650	10	21	1.0	1.0
WGD2ANC00654	12	6	1.0	1.0
WGD2ANC00680	232	13	1.0	1.0
WGD2ANC00708	1	32	1.0	1.0
WGD2ANC00708	40	7	1.0	1.0
WGD2ANC00718	23	23	1.0	1.0
WGD2ANC00726	3	8	1.0	1.0
WGD2ANC00730	1	15	1.0	1.0
WGD2ANC00736	8	6	1.0	1.0
WGD2ANC00752	1	8	1.0	1.0
WGD2ANC00752	73	17	1.0	1.0
WGD2ANC00752	219	10	1.0	1.0
WGD2ANC00765	106	18	1.0	1.0
WGD2ANC00770	2	12	1.0	1.0
WGD2ANC00777	1	29	1.0	1.0
WGD2ANC00777	31	7	1.0	1.0
WGD2ANC00787	2	9	0.888888888889	0.888888888889
WGD2ANC00791	12	8	1.0	1.0
WGD2ANC00807	3	7	1.0	1.0
WGD2ANC00807	17	7	1.0	1.0
WGD2ANC00823	138	38	1.0	1.0
WGD2ANC00827	5	11	1.0	1.0
WGD2ANC00837	116	6	1.0	1.0
WGD2ANC00837	127	16	1.0	1.0
WGD2ANC00837	155	8	1.0	1.0
WGD2ANC00837	207	17	1.0	1.0
WGD2ANC00856	59	9	0.977777777778	0.883333333333
WGD2ANC00892	2	29	1.0	1.0
WGD2ANC00898	6	11	1.0	1.0
WGD2ANC00900	2	7	1.0	1.0
WGD2ANC00910	89	7	1.0	1.0
WGD2ANC00917	113	8	1.0	1.0
WGD2ANC00917	219	13	1.0	1.0
WGD2ANC00918	188	14	1.0	1.0
WGD2ANC00921	7	9	1.0	1.0
WGD2ANC00921	148	6	1.0	1.0
WGD2ANC00928	3	23	1.0	1.0
WGD2ANC00928	101	6	1.0	1.0
WGD2ANC00937	3	16	1.0	1.0
WGD2ANC00937	23	40	1.0	1.0
WGD2ANC00937	101	11	1.0	1.0
WGD2ANC00943	1	74	1.0	1.0
WGD2ANC00943	76	97	1.0	1.0
WGD2ANC00943	183	11	1.0	1.0
WGD2ANC00943	198	6	1.0	1.0
WGD2ANC00943	218	12	1.0	1.0
WGD2ANC00946	138	13	1.0	1.0
WGD2ANC00946	175	12	1.0	1.0
WGD2ANC00956	12	16	0.978125	0.971875
WGD2ANC00966	1	6	1.0	1.0
WGD2ANC00973	5	9	0.905555555556	0.911111111111
WGD2ANC00979	20	7	0.957142857143	1.0
WGD2ANC00979	28	10	0.995	0.91
WGD2ANC00984	9	8	1.0	1.0
WGD2ANC00997	2	14	1.0	1.0
WGD2ANC01006	1	12	1.0	1.0
WGD2ANC01011	9	10	0.945	1.0
WGD2ANC01015	70	6	1.0	1.0
WGD2ANC01015	171	10	1.0	1.0
WGD2ANC01025	4	7	1.0	1.0
WGD2ANC01050	75	10	1.0	1.0
WGD2ANC01053	42	9	1.0	1.0
WGD2ANC01054	1	12	1.0	1.0
WGD2ANC01059	5	8	0.99375	1.0
WGD2ANC01064	2	15	0.966666666667	0.983333333333
WGD2ANC01089	186	6	1.0	1.0
WGD2ANC01091	8	8	1.0	1.0
WGD2ANC01097	1	10	1.0	1.0
WGD2ANC01115	15	6	0.925	0.966666666667
WGD2ANC01129	5	10	1.0	1.0
WGD2ANC01139	1	10	1.0	1.0
WGD2ANC01139	21	18	1.0	1.0
WGD2ANC01145	62	12	0.958333333333	1.0
WGD2ANC01145	76	14	0.971428571429	0.960714285714
WGD2ANC01152	3	7	1.0	1.0
WGD2ANC01152	12	12	1.0	1.0
WGD2ANC01171	1	11	1.0	1.0
WGD2ANC01171	52	6	1.0	1.0
WGD2ANC01189	35	7	0.928571428571	0.992857142857
WGD2ANC01189	43	8	0.98125	1.0
WGD2ANC01203	6	21	1.0	1.0
WGD2ANC01203	36	12	1.0	1.0
WGD2ANC01203	60	12	1.0	0.916666666667
WGD2ANC01203	77	8	1.0	1.0
WGD2ANC01206	5	10	1.0	1.0
WGD2ANC01208	51	15	0.993333333333	0.896666666667
WGD2ANC01208	81	8	0.99375	1.0
WGD2ANC01224	16	7	1.0	1.0
WGD2ANC01229	19	13	0.969230769231	1.0
WGD2ANC01231	59	11	1.0	1.0
WGD2ANC01239	1	7	0.992857142857	0.992857142857
WGD2ANC01246	24	12	0.9875	0.895833333333
WGD2ANC01250	5	11	1.0	1.0
WGD2ANC01271	151	14	1.0	1.0
WGD2ANC01290	1	12	1.0	1.0
WGD2ANC01291	6	28	1.0	1.0
WGD2ANC01305	13	8	1.0	1.0
WGD2ANC01309	37	17	1.0	1.0
WGD2ANC01312	144	6	1.0	1.0
WGD2ANC01329	3	46	1.0	1.0
WGD2ANC01329	52	21	1.0	1.0
WGD2ANC01329	86	24	1.0	1.0
WGD2ANC01329	141	8	1.0	1.0
WGD2ANC01329	170	7	1.0	1.0
WGD2ANC01330	161	86	1.0	1.0
WGD2ANC01335	3	15	1.0	1.0
WGD2ANC01337	34	7	0.985714285714	1.0
WGD2ANC01368	15	8	0.975	0.99375
WGD2ANC01376	3	22	1.0	1.0
WGD2ANC01385	2	7	1.0	1.0
WGD2ANC01392	166	6	0.975	1.0
WGD2ANC01402	4	42	1.0	1.0
WGD2ANC01402	74	10	1.0	1.0
WGD2ANC01424	11	6	0.975	1.0
WGD2ANC01443	4	11	1.0	1.0
WGD2ANC01446	22	15	0.976666666667	1.0
WGD2ANC01450	2	13	1.0	1.0
WGD2ANC01450	28	8	1.0	1.0
WGD2ANC01450	90	6	1.0	1.0
WGD2ANC01450	99	8	1.0	1.0
WGD2ANC01450	111	15	1.0	1.0
WGD2ANC01450	175	9	1.0	1.0
WGD2ANC01463	88	6	1.0	1.0
WGD2ANC01469	6	6	1.0	1.0
WGD2ANC01474	48	22	1.0	1.0
WGD2ANC01474	71	7	1.0	1.0
WGD2ANC01474	95	11	1.0	1.0
WGD2ANC01474	116	9	1.0	1.0
WGD2ANC01474	205	10	1.0	1.0
WGD2ANC01474	220	17	1.0	1.0
WGD2ANC01487	73	8	1.0	1.0
WGD2ANC01491	2	9	1.0	0.888888888889
WGD2ANC01491	27	15	1.0	1.0
WGD2ANC01504	7	11	1.0	1.0
WGD2ANC01516	22	6	0.966666666667	1.0
WGD2ANC01523	6	7	1.0	1.0
WGD2ANC01529	17	10	1.0	1.0
WGD2ANC01529	74	9	1.0	1.0
WGD2ANC01530	9	11	1.0	1.0
WGD2ANC01533	7	6	1.0	1.0
WGD2ANC01556	19	11	1.0	1.0
WGD2ANC01575	2	14	1.0	1.0
WGD2ANC01576	1	15	1.0	1.0
WGD2ANC01576	217	13	1.0	1.0
WGD2ANC01577	13	7	1.0	1.0
WGD2ANC01577	218	15	1.0	1.0
WGD2ANC01582	12	9	1.0	1.0
WGD2ANC01586	171	6	1.0	1.0
WGD2ANC01592	230	8	0.99375	0.93125
WGD2ANC01604	2	9	1.0	1.0
WGD2ANC01624	7	10	1.0	1.0
WGD2ANC01626	79	8	1.0	1.0
WGD2ANC01627	159	13	1.0	1.0
WGD2ANC01628	1	13	1.0	1.0
WGD2ANC01628	15	17	1.0	1.0
WGD2ANC01628	92	8	1.0	1.0
WGD2ANC01641	4	9	1.0	1.0
WGD2ANC01643	1	29	1.0	1.0
WGD2ANC01647	2	17	1.0	1.0
WGD2ANC01647	20	11	1.0	1.0
WGD2ANC01669	34	10	1.0	1.0
WGD2ANC01694	108	12	1.0	1.0
WGD2ANC01707	91	6	1.0	1.0
WGD2ANC01712	1	43	1.0	1.0
WGD2ANC01712	203	32	1.0	1.0
WGD2ANC01716	1	6	1.0	1.0
WGD2ANC01721	8	10	1.0	1.0
WGD2ANC01721	130	12	1.0	1.0
WGD2ANC01725	151	7	1.0	1.0
WGD2ANC01729	107	6	1.0	1.0
WGD2ANC01731	12	6	1.0	1.0
WGD2ANC01732	15	11	1.0	1.0
WGD2ANC01747	1	11	1.0	1.0
WGD2ANC01760	11	7	1.0	1.0
WGD2ANC01761	34	17	1.0	0.941176470588
WGD2ANC01770	4	9	0.977777777778	0.994444444444
WGD2ANC01779	5	7	0.971428571429	1.0
WGD2ANC01787	11	19	1.0	1.0
WGD2ANC01788	1	7	1.0	1.0
WGD2ANC01788	8	11	1.0	1.0
WGD2ANC01789	6	6	1.0	1.0
WGD2ANC01794	10	6	1.0	1.0
WGD2ANC01794	31	10	1.0	1.0
WGD2ANC01827	5	13	1.0	1.0
WGD2ANC01837	3	9	1.0	1.0
WGD2ANC01837	214	6	1.0	1.0
WGD2ANC01837	224	6	1.0	1.0
WGD2ANC01865	1	12	1.0	1.0
WGD2ANC01870	5	13	1.0	1.0
WGD2ANC01871	9	10	1.0	1.0
WGD2ANC01873	8	9	1.0	1.0
WGD2ANC01874	38	9	0.933333333333	1.0
WGD2ANC01876	1	11	1.0	1.0
WGD2ANC01917	10	10	1.0	1.0
WGD2ANC01917	20	25	1.0	1.0
WGD2ANC01918	7	8	1.0	1.0
WGD2ANC01924	8	10	1.0	1.0
WGD2ANC01925	7	6	1.0	1.0
WGD2ANC01930	1	15	1.0	1.0
WGD2ANC01937	31	6	0.975	1.0
WGD2ANC01941	55	12	1.0	1.0
WGD2ANC01950	1	13	1.0	1.0
WGD2ANC01950	47	6	1.0	1.0
WGD2ANC01953	3	29	1.0	1.0
WGD2ANC01962	18	6	0.991666666667	1.0
WGD2ANC01969	5	9	1.0	1.0
WGD2ANC01982	4	39	0.989743589744	1.0
WGD2ANC01982	51	6	0.991666666667	1.0
WGD2ANC01995	15	9	0.933333333333	1.0
WGD2ANC01998	114	8	1.0	1.0
WGD2ANC01998	127	8	1.0	1.0
WGD2ANC02003	68	6	1.0	1.0
WGD2ANC02020	11	7	1.0	1.0
WGD2ANC02020	33	32	1.0	1.0
WGD2ANC02020	82	7	1.0	1.0
WGD2ANC02022	5	11	0.972727272727	1.0
WGD2ANC02031	2	9	1.0	1.0
WGD2ANC02031	64	14	1.0	1.0
WGD2ANC02031	183	12	1.0	1.0
WGD2ANC02031	197	18	1.0	1.0
WGD2ANC02031	217	10	0.9	1.0
WGD2ANC02031	229	6	1.0	1.0
WGD2ANC02032	2	7	1.0	1.0
WGD2ANC02042	143	6	1.0	1.0
WGD2ANC02043	2	18	1.0	1.0
WGD2ANC02053	31	8	1.0	1.0
WGD2ANC02057	22	12	0.995833333333	0.929166666667
WGD2ANC02059	215	10	1.0	1.0
WGD2ANC02062	7	8	1.0	1.0
WGD2ANC02066	5	14	1.0	1.0
WGD2ANC02077	4	23	1.0	1.0
WGD2ANC02085	6	6	1.0	1.0
WGD2ANC02087	3	12	1.0	1.0
WGD2ANC02087	21	12	1.0	1.0
WGD2ANC02087	106	27	1.0	1.0
WGD2ANC02111	42	7	1.0	1.0
WGD2ANC02111	89	25	1.0	1.0
WGD2ANC02133	13	11	1.0	1.0
WGD2ANC02133	52	6	1.0	1.0
WGD2ANC02135	40	8	1.0	1.0
WGD2ANC02139	2	14	1.0	1.0
WGD2ANC02145	2	18	1.0	1.0
WGD2ANC02145	123	9	1.0	1.0
WGD2ANC02149	10	9	0.961111111111	0.994444444444
WGD2ANC02156	4	7	1.0	1.0
WGD2ANC02159	2	13	1.0	1.0
WGD2ANC02163	29	11	1.0	1.0
WGD2ANC02170	3	14	1.0	1.0
WGD2ANC02227	24	11	1.0	1.0
WGD2ANC02239	69	8	1.0	1.0
WGD2ANC02244	243	6	1.0	1.0
WGD2ANC02245	1	17	1.0	1.0
WGD2ANC02245	153	13	1.0	1.0
WGD2ANC02277	2	74	1.0	1.0
WGD2ANC02277	239	7	1.0	1.0
WGD2ANC02288	3	10	1.0	1.0
WGD2ANC02288	13	16	1.0	1.0
WGD2ANC02288	35	6	1.0	1.0
WGD2ANC02288	70	10	1.0	1.0
WGD2ANC02289	15	15	1.0	1.0
WGD2ANC02303	1	39	1.0	1.0
WGD2ANC02313	4	26	1.0	1.0
WGD2ANC02313	136	11	1.0	1.0
WGD2ANC02327	106	8	1.0	1.0
WGD2ANC02334	120	13	1.0	1.0
WGD2ANC02342	9	11	1.0	1.0
WGD2ANC02342	23	24	1.0	1.0
WGD2ANC02348	9	9	1.0	1.0
WGD2ANC02352	46	6	1.0	1.0
WGD2ANC02363	1	6	1.0	1.0
WGD2ANC02363	13	7	1.0	1.0
WGD2ANC02376	11	7	0.985714285714	0.885714285714
WGD2ANC02377	65	8	1.0	1.0
WGD2ANC02377	80	21	1.0	1.0
WGD2ANC02387	2	9	1.0	1.0
WGD2ANC02394	9	13	1.0	1.0
WGD2ANC02398	6	16	1.0	1.0
WGD2ANC02400	12	9	1.0	1.0
WGD2ANC02409	202	7	1.0	1.0
WGD2ANC02426	24	11	0.972727272727	0.977272727273
WGD2ANC02442	6	8	1.0	1.0
WGD2ANC02447	3	7	1.0	1.0
WGD2ANC02452	130	20	1.0	1.0
WGD2ANC02452	160	12	1.0	1.0
WGD2ANC02455	22	7	0.942857142857	0.985714285714
WGD2ANC02462	3	7	1.0	1.0
WGD2ANC02468	26	8	1.0	1.0
WGD2ANC02469	104	10	1.0	1.0
WGD2ANC02473	2	6	1.0	1.0
WGD2ANC02502	3	7	1.0	1.0
WGD2ANC02546	1	7	1.0	1.0
WGD2ANC02555	27	10	1.0	1.0
WGD2ANC02571	11	17	1.0	1.0
WGD2ANC02591	3	9	1.0	1.0
WGD2ANC02598	54	6	1.0	1.0
WGD2ANC02624	94	7	1.0	1.0
WGD2ANC02639	86	8	1.0	1.0
WGD2ANC02640	8	12	1.0	1.0
WGD2ANC02642	107	23	1.0	1.0
WGD2ANC02647	3	8	1.0	1.0
WGD2ANC02647	15	9	1.0	1.0
WGD2ANC02652	2	6	1.0	1.0
WGD2ANC02655	53	6	1.0	1.0
WGD2ANC02671	3	6	1.0	1.0
WGD2ANC02683	13	8	1.0	1.0
WGD2ANC02687	1	15	1.0	1.0
WGD2ANC02691	54	10	1.0	1.0
WGD2ANC02693	21	6	1.0	1.0
WGD2ANC02697	1	18	1.0	1.0
WGD2ANC02698	25	9	0.983333333333	1.0
WGD2ANC02709	41	9	0.994444444444	1.0
WGD2ANC02710	14	19	1.0	1.0
WGD2ANC02710	72	8	1.0	1.0
WGD2ANC02721	11	7	1.0	1.0
WGD2ANC02721	188	6	1.0	1.0
WGD2ANC02735	158	16	1.0	1.0
WGD2ANC02737	1	7	1.0	1.0
WGD2ANC02757	1	12	1.0	1.0
WGD2ANC02758	2	6	1.0	1.0
WGD2ANC02760	3	7	1.0	1.0
WGD2ANC02782	90	8	0.9375	1.0
WGD2ANC02786	24	7	0.978571428571	0.971428571429
WGD2ANC02790	12	12	1.0	1.0
WGD2ANC02790	31	6	1.0	1.0
WGD2ANC02790	70	12	1.0	1.0
WGD2ANC02793	9	9	1.0	1.0
WGD2ANC02808	22	8	1.0	1.0
WGD2ANC02810	6	7	1.0	1.0
WGD2ANC02810	94	13	1.0	1.0
WGD2ANC02819	213	12	1.0	1.0
WGD2ANC02824	1	12	1.0	1.0
WGD2ANC02833	1	6	1.0	1.0
WGD2ANC02845	37	8	0.96875	1.0
WGD2ANC02852	19	8	1.0	1.0
WGD2ANC02852	49	22	1.0	1.0
WGD2ANC02883	19	10	1.0	1.0
WGD2ANC02893	2	6	1.0	1.0
WGD2ANC02893	20	6	1.0	1.0
WGD2ANC02906	3	6	1.0	1.0
WGD2ANC02906	16	9	1.0	1.0
WGD2ANC02918	2	9	1.0	1.0
WGD2ANC02930	1	17	1.0	1.0
WGD2ANC02931	5	7	1.0	1.0
WGD2ANC02931	17	12	1.0	1.0
WGD2ANC02931	152	21	1.0	1.0
WGD2ANC02944	1	49	1.0	1.0
WGD2ANC02949	1	7	1.0	1.0
WGD2ANC02964	8	16	1.0	1.0
WGD2ANC02964	59	6	1.0	1.0
WGD2ANC02964	75	22	1.0	1.0
WGD2ANC02967	5	9	1.0	1.0
WGD2ANC02967	34	10	1.0	1.0
WGD2ANC02969	1	9	1.0	1.0
WGD2ANC02974	6	10	1.0	1.0
WGD2ANC03000	3	8	1.0	1.0
WGD2ANC03008	14	6	0.991666666667	0.983333333333
WGD2ANC03011	5	6	1.0	1.0
WGD2ANC03035	7	6	0.991666666667	0.975
WGD2ANC03040	3	6	1.0	1.0
WGD2ANC03048	131	7	1.0	1.0
WGD2ANC03050	4	9	0.833333333333	1.0
WGD2ANC03050	18	19	1.0	1.0
WGD2ANC03050	41	13	1.0	1.0
WGD2ANC03053	28	9	1.0	1.0
WGD2ANC03067	3	9	1.0	1.0
WGD2ANC03075	30	14	1.0	1.0
WGD2ANC03085	3	7	1.0	1.0
WGD2ANC03088	1	33	1.0	1.0
WGD2ANC03088	38	25	1.0	1.0
WGD2ANC03092	6	10	1.0	1.0
WGD2ANC03100	10	14	0.978571428571	0.860714285714
WGD2ANC03115	30	10	0.775	0.85
WGD2ANC03115	41	19	0.997368421053	0.928947368421
WGD2ANC03115	188	11	0.940909090909	1.0
WGD2ANC03119	63	7	1.0	1.0
WGD2ANC03120	6	12	1.0	1.0
WGD2ANC03153	6	11	1.0	1.0
WGD2ANC03158	4	10	1.0	1.0
WGD2ANC03164	2	7	1.0	1.0
WGD2ANC03179	49	10	1.0	1.0
WGD2ANC03179	172	10	1.0	1.0
WGD2ANC03183	2	7	0.928571428571	1.0
WGD2ANC03192	4	11	1.0	1.0
WGD2ANC03195	39	6	0.966666666667	1.0
WGD2ANC03199	91	7	1.0	1.0
WGD2ANC03206	62	10	1.0	1.0
WGD2ANC03220	41	8	0.95625	0.975
WGD2ANC03224	17	11	0.990909090909	0.981818181818
WGD2ANC03232	16	7	1.0	1.0
WGD2ANC03235	16	7	1.0	1.0
WGD2ANC03235	76	9	1.0	1.0
WGD2ANC03235	211	22	1.0	1.0
WGD2ANC03243	3	13	1.0	1.0
WGD2ANC03255	10	7	1.0	1.0
WGD2ANC03279	4	9	0.988888888889	0.922222222222
WGD2ANC03284	63	9	0.994444444444	0.994444444444
WGD2ANC03295	33	10	1.0	1.0
WGD2ANC03297	88	6	1.0	1.0
WGD2ANC03297	141	9	1.0	1.0
WGD2ANC03306	1	13	1.0	1.0
WGD2ANC03306	14	19	1.0	1.0
WGD2ANC03336	6	18	1.0	1.0
WGD2ANC03356	147	15	1.0	1.0
WGD2ANC03364	4	13	1.0	1.0
WGD2ANC03383	9	8	1.0	1.0
WGD2ANC03385	3	12	1.0	1.0
WGD2ANC03387	32	13	1.0	1.0
WGD2ANC03417	16	10	1.0	1.0
WGD2ANC03418	5	12	1.0	1.0
WGD2ANC03418	141	21	1.0	1.0
WGD2ANC03420	1	14	1.0	1.0
WGD2ANC03422	8	9	1.0	1.0
WGD2ANC03437	17	15	0.976666666667	1.0
WGD2ANC03462	35	8	1.0	1.0
WGD2ANC03467	5	15	1.0	1.0
WGD2ANC03467	24	12	1.0	1.0
WGD2ANC03467	139	8	1.0	1.0
WGD2ANC03481	123	7	1.0	1.0
WGD2ANC03482	12	17	1.0	1.0
WGD2ANC03483	9	10	1.0	1.0
WGD2ANC03483	21	30	1.0	1.0
WGD2ANC03492	1	15	1.0	1.0
WGD2ANC03492	22	18	1.0	1.0
WGD2ANC03492	53	12	1.0	1.0
WGD2ANC03492	67	14	1.0	1.0
WGD2ANC03492	84	7	1.0	1.0
WGD2ANC03492	111	8	1.0	1.0
WGD2ANC03500	8	10	1.0	1.0
WGD2ANC03503	11	25	1.0	1.0
WGD2ANC03512	1	18	1.0	1.0
WGD2ANC03525	10	6	1.0	1.0
WGD2ANC03525	173	6	1.0	1.0
WGD2ANC03528	6	8	0.98125	1.0
WGD2ANC03529	36	7	0.985714285714	1.0
WGD2ANC03545	27	6	1.0	0.891666666667
WGD2ANC03547	5	7	1.0	1.0
WGD2ANC03567	5	8	0.9625	1.0
WGD2ANC03568	203	8	1.0	1.0
WGD2ANC03569	1	9	1.0	1.0
WGD2ANC03569	13	28	1.0	1.0
WGD2ANC03581	26	15	0.99	0.89
WGD2ANC03594	2	9	1.0	1.0
WGD2ANC03601	34	11	1.0	1.0
WGD2ANC03604	167	6	0.983333333333	0.9
WGD2ANC03626	6	14	1.0	1.0
WGD2ANC03657	9	7	1.0	1.0
WGD2ANC03659	13	7	1.0	1.0
WGD2ANC03661	4	8	1.0	1.0
WGD2ANC03661	32	8	1.0	1.0
WGD2ANC03702	1	6	1.0	1.0
WGD2ANC03702	8	16	1.0	1.0
WGD2ANC03707	1	6	1.0	1.0
WGD2ANC03709	1	19	1.0	1.0
WGD2ANC03724	4	6	1.0	1.0
WGD2ANC03728	12	8	1.0	1.0
WGD2ANC03774	27	54	1.0	1.0
WGD2ANC03782	2	9	0.983333333333	1.0
WGD2ANC03785	18	12	0.966666666667	1.0
WGD2ANC03795	9	12	0.979166666667	0.904166666667
WGD2ANC03813	1	8	1.0	1.0
WGD2ANC03831	8	6	0.983333333333	1.0
WGD2ANC03843	7	9	1.0	1.0
WGD2ANC03868	215	13	1.0	1.0
WGD2ANC03869	1	9	1.0	1.0
WGD2ANC03877	33	6	1.0	1.0
WGD2ANC03883	50	19	1.0	1.0
WGD2ANC03883	69	11	1.0	1.0
WGD2ANC03883	160	6	1.0	1.0
WGD2ANC03891	4	24	1.0	1.0
WGD2ANC03898	7	11	1.0	1.0
WGD2ANC03898	102	6	1.0	1.0
WGD2ANC03900	11	24	1.0	1.0
WGD2ANC03918	1	10	1.0	1.0
WGD2ANC03933	1	19	1.0	1.0
WGD2ANC03947	4	7	1.0	1.0
WGD2ANC03954	1	14	1.0	1.0
WGD2ANC03960	4	7	1.0	1.0
WGD2ANC03962	3	56	1.0	1.0
WGD2ANC03968	14	6	1.0	1.0
WGD2ANC03968	117	7	1.0	1.0
WGD2ANC03998	169	20	1.0	1.0
WGD2ANC04000	2	19	1.0	1.0
WGD2ANC04010	3	22	1.0	1.0
WGD2ANC04012	4	7	1.0	1.0
WGD2ANC04013	34	6	0.975	1.0
WGD2ANC04016	4	13	1.0	1.0
WGD2ANC04022	120	10	0.9	1.0
WGD2ANC04031	156	12	1.0	1.0
WGD2ANC04037	9	7	1.0	1.0
WGD2ANC04082	9	8	0.98125	0.9
WGD2ANC04119	4	7	1.0	1.0
WGD2ANC04120	21	7	1.0	1.0
WGD2ANC04125	3	10	1.0	1.0
WGD2ANC04135	4	14	1.0	1.0
WGD2ANC04136	11	8	1.0	1.0
WGD2ANC04137	8	20	1.0	1.0
WGD2ANC04202	37	6	1.0	1.0
WGD2ANC04221	2	13	1.0	1.0
WGD2ANC04221	109	7	1.0	1.0
WGD2ANC04245	19	12	1.0	1.0
WGD2ANC04255	31	10	0.945	1.0
WGD2ANC04264	7	30	1.0	1.0
WGD2ANC04264	40	16	1.0	1.0
WGD2ANC04264	59	29	1.0	1.0
WGD2ANC04264	102	14	1.0	1.0
WGD2ANC04265	6	9	0.888888888889	1.0
WGD2ANC04265	137	6	1.0	1.0
WGD2ANC04265	176	7	1.0	1.0
WGD2ANC04267	14	6	1.0	1.0
WGD2ANC04270	4	9	0.905555555556	1.0
WGD2ANC04270	31	10	0.945	1.0
WGD2ANC04309	9	13	0.984615384615	1.0
WGD2ANC04323	1	7	1.0	1.0
WGD2ANC04325	10	8	1.0	1.0
WGD2ANC04342	25	6	0.958333333333	1.0
WGD2ANC04343	2	34	1.0	1.0
WGD2ANC04343	47	7	1.0	1.0
WGD2ANC04349	115	9	0.988888888889	0.955555555556
WGD2ANC04351	69	11	1.0	1.0
WGD2ANC04358	20	11	1.0	1.0
WGD2ANC04366	2	7	1.0	1.0
WGD2ANC04374	31	10	1.0	1.0
WGD2ANC04378	7	9	1.0	0.961111111111
WGD2ANC04378	22	6	0.966666666667	0.966666666667
WGD2ANC04391	1	11	1.0	1.0
WGD2ANC04410	7	10	1.0	1.0
WGD2ANC04410	56	8	1.0	1.0
WGD2ANC04410	70	7	1.0	1.0
WGD2ANC04413	136	20	1.0	1.0
WGD2ANC04422	215	7	1.0	1.0
WGD2ANC04425	7	6	1.0	1.0
WGD2ANC04437	36	7	0.985714285714	0.9
WGD2ANC04442	1	46	1.0	1.0
WGD2ANC04442	171	12	1.0	1.0
WGD2ANC04442	195	6	1.0	1.0
WGD2ANC04442	222	6	1.0	1.0
WGD2ANC04442	240	6	1.0	1.0
WGD2ANC04448	30	7	1.0	1.0
WGD2ANC04457	2	16	1.0	1.0
WGD2ANC04459	12	7	1.0	1.0
WGD2ANC04473	2	10	1.0	1.0
WGD2ANC04473	14	9	1.0	1.0
WGD2ANC04483	20	6	1.0	1.0
WGD2ANC04494	18	9	1.0	1.0
WGD2ANC04504	5	19	1.0	1.0
WGD2ANC04504	25	6	1.0	1.0
WGD2ANC04504	100	6	1.0	1.0
WGD2ANC04504	141	7	1.0	1.0
WGD2ANC04504	188	7	1.0	1.0
WGD2ANC04504	200	10	1.0	1.0
WGD2ANC04504	218	13	1.0	1.0
WGD2ANC04504	232	12	1.0	1.0
WGD2ANC04505	9	6	1.0	1.0
WGD2ANC04513	26	7	1.0	1.0
WGD2ANC04519	5	9	1.0	1.0
WGD2ANC04528	99	8	1.0	1.0
WGD2ANC04534	4	15	1.0	1.0
WGD2ANC04564	17	10	1.0	1.0
WGD2ANC04573	7	14	1.0	1.0
WGD2ANC04594	7	8	1.0	1.0
WGD2ANC04599	3	7	0.957142857143	1.0
WGD2ANC04623	8	11	1.0	1.0
WGD2ANC04659	5	14	0.975	1.0
WGD2ANC04663	18	6	0.916666666667	1.0
WGD2ANC04664	4	11	1.0	0.990909090909
WGD2ANC04664	151	16	1.0	1.0
WGD2ANC04670	2	18	1.0	1.0
WGD2ANC04676	2	8	1.0	1.0
WGD2ANC04694	2	12	1.0	1.0
WGD2ANC04712	8	6	1.0	1.0
WGD2ANC04720	6	7	1.0	1.0
WGD2ANC04730	4	6	1.0	1.0
WGD2ANC04741	6	12	1.0	1.0
WGD2ANC04746	2	12	1.0	1.0
WGD2ANC04747	130	17	1.0	1.0
WGD2ANC04755	4	17	0.991176470588	1.0
WGD2ANC04771	16	16	1.0	1.0
WGD2ANC04786	1	8	1.0	1.0
WGD2ANC04796	9	8	0.98125	0.875
WGD2ANC04801	6	6	1.0	1.0
WGD2ANC04815	24	6	1.0	1.0
WGD2ANC04837	221	7	1.0	1.0
WGD2ANC04840	8	6	1.0	1.0
WGD2ANC04864	25	13	1.0	1.0
WGD2ANC04864	51	7	1.0	1.0
WGD2ANC04916	143	8	1.0	1.0
WGD2ANC04918	3	8	1.0	1.0
WGD2ANC04922	59	7	1.0	1.0
WGD2ANC04943	5	8	1.0	1.0
WGD2ANC04949	5	9	1.0	1.0
WGD2ANC04960	3	13	1.0	1.0
WGD2ANC04960	42	8	0.875	1.0
WGD2ANC04960	54	24	1.0	1.0
WGD2ANC04963	5	6	1.0	1.0
WGD2ANC04964	49	19	1.0	1.0
WGD2ANC04964	71	9	1.0	1.0
WGD2ANC04989	2	9	1.0	1.0
WGD2ANC04990	23	7	0.921428571429	1.0
WGD2ANC04999	4	23	1.0	1.0
WGD2ANC04999	91	7	1.0	1.0
WGD2ANC04999	104	7	1.0	1.0
WGD2ANC04999	171	9	1.0	1.0
WGD2ANC05000	1	31	1.0	1.0
WGD2ANC05000	32	20	1.0	1.0
WGD2ANC05000	67	8	1.0	1.0
WGD2ANC05000	86	20	1.0	1.0
WGD2ANC05019	3	8	1.0	1.0
WGD2ANC05025	145	11	1.0	1.0
WGD2ANC05049	11	13	1.0	1.0
WGD2ANC05051	13	6	1.0	1.0
WGD2ANC05051	36	6	1.0	1.0
WGD2ANC05057	16	11	1.0	0.909090909091
WGD2ANC05067	5	13	1.0	1.0
WGD2ANC05067	28	12	1.0	1.0
WGD2ANC05067	138	8	1.0	1.0
WGD2ANC05067	149	6	1.0	1.0
WGD2ANC05093	1	21	1.0	1.0
WGD2ANC05103	17	11	0.995454545455	0.977272727273
WGD2ANC05118	5	6	1.0	1.0
WGD2ANC05181	3	12	1.0	1.0
WGD2ANC05188	11	7	1.0	1.0
WGD2ANC05202	3	25	1.0	1.0
WGD2ANC05202	113	10	1.0	0.9
WGD2ANC05206	11	6	0.933333333333	0.983333333333
WGD2ANC05213	10	6	0.983333333333	0.991666666667
WGD2ANC05233	15	9	1.0	1.0
WGD2ANC05237	12	10	1.0	1.0
WGD2ANC05245	15	7	1.0	1.0
WGD2ANC05252	2	6	1.0	1.0
WGD2ANC05260	2	23	1.0	1.0
WGD2ANC05263	29	7	0.857142857143	1.0
WGD2ANC05274	8	12	1.0	1.0
WGD2ANC05275	114	12	1.0	1.0
WGD2ANC05276	37	7	1.0	1.0
WGD2ANC05279	112	16	1.0	1.0
WGD2ANC05297	22	12	1.0	1.0
WGD2ANC05306	1	10	1.0	1.0
WGD2ANC05330	6	14	1.0	0.928571428571
WGD2ANC05341	2	21	1.0	1.0
WGD2ANC05357	13	17	1.0	1.0
WGD2ANC05358	50	9	1.0	1.0
WGD2ANC05364	5	27	1.0	1.0
WGD2ANC05364	214	16	1.0	1.0
WGD2ANC05369	3	11	1.0	1.0
WGD2ANC05402	54	7	1.0	1.0
WGD2ANC05409	21	8	1.0	1.0
WGD2ANC05409	241	8	1.0	1.0
WGD2ANC05424	2	9	1.0	1.0
WGD2ANC05431	15	12	1.0	1.0
WGD2ANC05434	78	10	1.0	1.0
WGD2ANC05436	6	6	1.0	1.0
WGD2ANC05437	1	26	1.0	1.0
WGD2ANC05463	6	7	1.0	1.0
WGD2ANC05465	57	7	1.0	1.0
WGD2ANC05465	76	27	1.0	1.0
WGD2ANC05465	108	15	1.0	1.0
WGD2ANC05465	127	42	1.0	1.0
WGD2ANC05475	6	7	0.971428571429	1.0
WGD2ANC05478	3	25	1.0	1.0
WGD2ANC05478	40	25	1.0	1.0
WGD2ANC05480	3	15	1.0	1.0
WGD2ANC05480	28	9	1.0	1.0
WGD2ANC05481	1	15	1.0	1.0
WGD2ANC05501	3	14	1.0	1.0
WGD2ANC05505	17	6	1.0	1.0
WGD2ANC05510	4	7	0.957142857143	1.0
WGD2ANC05519	10	6	1.0	1.0
WGD2ANC05526	7	11	1.0	1.0
WGD2ANC05526	19	6	1.0	1.0
WGD2ANC05526	37	9	1.0	1.0
WGD2ANC05528	1	45	1.0	1.0
WGD2ANC05529	6	12	1.0	1.0
WGD2ANC05532	5	6	1.0	1.0
WGD2ANC05532	238	7	1.0	1.0
WGD2ANC05536	1	20	1.0	1.0
WGD2ANC05537	19	7	1.0	1.0
WGD2ANC05547	9	10	1.0	1.0
WGD2ANC05560	8	8	1.0	1.0
WGD2ANC05563	26	12	1.0	1.0
WGD2ANC05567	2	21	1.0	1.0
WGD2ANC05598	4	16	1.0	1.0
WGD2ANC05600	2	8	1.0	1.0
WGD2ANC05606	3	11	1.0	1.0
WGD2ANC05610	4	11	1.0	1.0
WGD2ANC05624	5	6	1.0	1.0
WGD2ANC05636	13	8	1.0	1.0
WGD2ANC05636	23	12	1.0	1.0
WGD2ANC05641	7	10	1.0	1.0
WGD2ANC05654	3	10	0.995	0.965
WGD2ANC05657	3	11	0.995454545455	1.0
WGD2ANC05661	3	11	1.0	1.0
WGD2ANC05669	1	10	1.0	1.0
WGD2ANC05670	11	15	1.0	1.0
WGD2ANC05671	1	111	1.0	1.0
WGD2ANC05671	163	14	1.0	1.0
WGD2ANC05687	6	27	1.0	1.0
WGD2ANC05687	201	9	1.0	1.0
WGD2ANC05687	218	6	1.0	1.0
WGD2ANC05687	228	13	1.0	1.0
WGD2ANC05691	4	16	1.0	1.0
WGD2ANC05697	2	15	1.0	1.0
WGD2ANC05701	39	9	1.0	1.0
WGD2ANC05720	2	15	1.0	1.0
WGD2ANC05722	243	6	1.0	1.0
WGD2ANC05759	1	15	1.0	1.0
WGD2ANC05771	9	10	1.0	1.0
WGD2ANC05771	42	21	1.0	1.0
WGD2ANC05778	2	21	1.0	1.0
