family	distance	size	phyloscore	alignscore
WGD2ANC00001	11	16	1.0	0.996875
WGD2ANC00001	27	6	0.966666666667	0.925
WGD2ANC00004	6	26	1.0	0.988461538462
WGD2ANC00004	32	8	0.99375	1.0
WGD2ANC00007	4	12	0.954166666667	0.966666666667
WGD2ANC00007	30	11	0.977272727273	1.0
WGD2ANC00007	45	7	0.8	0.957142857143
WGD2ANC00008	38	9	1.0	1.0
WGD2ANC00008	48	20	0.9925	0.99
WGD2ANC00014	25	7	0.992857142857	0.978571428571
WGD2ANC00021	12	9	0.977777777778	0.988888888889
WGD2ANC00024	1	31	0.993548387097	1.0
WGD2ANC00027	4	10	0.98	0.955
WGD2ANC00029	13	13	1.0	1.0
WGD2ANC00030	15	8	0.9875	1.0
WGD2ANC00030	24	9	0.916666666667	0.833333333333
WGD2ANC00031	100	11	0.990909090909	0.995454545455
WGD2ANC00037	8	6	0.991666666667	0.8
WGD2ANC00051	47	11	0.981818181818	1.0
WGD2ANC00053	21	7	0.978571428571	0.95
WGD2ANC00055	3	6	1.0	0.816666666667
WGD2ANC00055	16	18	0.977777777778	0.908333333333
WGD2ANC00056	205	11	0.968181818182	1.0
WGD2ANC00059	2	6	0.966666666667	0.983333333333
WGD2ANC00064	7	13	0.907692307692	1.0
WGD2ANC00091	2	9	1.0	0.994444444444
WGD2ANC00091	19	12	1.0	1.0
WGD2ANC00103	2	11	0.986363636364	0.936363636364
WGD2ANC00107	10	8	0.975	1.0
WGD2ANC00111	1	14	0.964285714286	1.0
WGD2ANC00121	4	19	0.997368421053	0.981578947368
WGD2ANC00121	44	9	0.988888888889	0.994444444444
WGD2ANC00137	28	10	0.97	1.0
WGD2ANC00137	62	19	0.986842105263	1.0
WGD2ANC00139	19	6	0.975	1.0
WGD2ANC00143	2	9	1.0	1.0
WGD2ANC00146	19	8	0.95	1.0
WGD2ANC00146	45	11	0.990909090909	1.0
WGD2ANC00148	7	10	0.99	0.995
WGD2ANC00152	43	6	0.966666666667	1.0
WGD2ANC00154	33	7	0.964285714286	0.935714285714
WGD2ANC00156	16	9	0.944444444444	1.0
WGD2ANC00157	1	14	0.992857142857	1.0
WGD2ANC00157	18	9	1.0	0.977777777778
WGD2ANC00157	30	29	0.974137931034	0.963793103448
WGD2ANC00157	72	6	0.983333333333	1.0
WGD2ANC00160	4	12	0.983333333333	1.0
WGD2ANC00169	55	9	0.877777777778	0.838888888889
WGD2ANC00180	3	8	0.9625	0.95
WGD2ANC00180	24	19	0.989473684211	0.989473684211
WGD2ANC00180	120	8	1.0	1.0
WGD2ANC00182	4	7	0.964285714286	1.0
WGD2ANC00185	2	8	0.99375	1.0
WGD2ANC00185	15	15	1.0	1.0
WGD2ANC00191	29	7	0.992857142857	1.0
WGD2ANC00199	6	12	0.979166666667	0.8
WGD2ANC00203	7	13	0.980769230769	1.0
WGD2ANC00210	10	18	1.0	0.969444444444
WGD2ANC00210	31	13	1.0	1.0
WGD2ANC00210	63	8	0.99375	1.0
WGD2ANC00226	143	6	0.991666666667	1.0
WGD2ANC00226	238	7	0.971428571429	1.0
WGD2ANC00232	21	29	0.996551724138	1.0
WGD2ANC00232	51	8	1.0	0.975
WGD2ANC00232	73	12	0.9875	1.0
WGD2ANC00237	45	14	0.985714285714	1.0
WGD2ANC00237	66	8	0.975	1.0
WGD2ANC00250	45	6	0.916666666667	1.0
WGD2ANC00254	14	8	0.925	1.0
WGD2ANC00256	2	6	0.933333333333	1.0
WGD2ANC00257	13	6	1.0	0.966666666667
WGD2ANC00262	195	9	0.983333333333	1.0
WGD2ANC00264	10	20	0.98	1.0
WGD2ANC00265	24	6	0.983333333333	1.0
WGD2ANC00282	29	6	0.991666666667	0.9
WGD2ANC00286	61	15	0.99	1.0
WGD2ANC00286	81	23	0.980434782609	1.0
WGD2ANC00287	8	8	1.0	0.95
WGD2ANC00291	32	6	1.0	0.966666666667
WGD2ANC00291	40	7	1.0	0.985714285714
WGD2ANC00302	3	12	0.983333333333	1.0
WGD2ANC00302	139	15	0.986666666667	1.0
WGD2ANC00303	10	8	0.96875	0.98125
WGD2ANC00316	12	7	1.0	0.8
WGD2ANC00316	39	7	0.992857142857	0.921428571429
WGD2ANC00320	35	32	0.9984375	0.965625
WGD2ANC00334	19	7	0.964285714286	0.928571428571
WGD2ANC00334	40	9	0.988888888889	1.0
WGD2ANC00339	13	26	0.988461538462	0.942307692308
WGD2ANC00347	41	11	0.977272727273	1.0
WGD2ANC00348	18	7	0.928571428571	1.0
WGD2ANC00355	68	10	0.99	0.99
WGD2ANC00361	2	33	0.995454545455	0.960606060606
WGD2ANC00364	20	9	0.972222222222	1.0
WGD2ANC00365	157	6	1.0	0.991666666667
WGD2ANC00382	41	8	0.80625	0.89375
WGD2ANC00385	8	7	0.964285714286	1.0
WGD2ANC00385	40	7	0.95	0.985714285714
WGD2ANC00386	53	8	0.95625	1.0
WGD2ANC00394	112	8	0.94375	1.0
WGD2ANC00403	7	12	0.970833333333	0.979166666667
WGD2ANC00403	59	15	0.99	1.0
WGD2ANC00406	2	6	0.991666666667	0.95
WGD2ANC00407	4	9	0.933333333333	1.0
WGD2ANC00415	29	8	0.9875	0.99375
WGD2ANC00417	27	17	0.991176470588	1.0
WGD2ANC00417	46	14	0.996428571429	1.0
WGD2ANC00417	69	9	0.961111111111	1.0
WGD2ANC00420	13	7	0.978571428571	0.914285714286
WGD2ANC00421	41	12	0.966666666667	1.0
WGD2ANC00422	1	15	1.0	1.0
WGD2ANC00442	10	9	0.972222222222	0.916666666667
WGD2ANC00448	6	7	0.935714285714	1.0
WGD2ANC00451	8	9	0.966666666667	1.0
WGD2ANC00455	27	8	0.98125	0.9875
WGD2ANC00456	7	14	0.992857142857	1.0
WGD2ANC00462	10	8	0.9875	1.0
WGD2ANC00463	7	14	0.996428571429	1.0
WGD2ANC00468	26	7	0.992857142857	0.892857142857
WGD2ANC00472	33	7	0.978571428571	0.978571428571
WGD2ANC00473	18	8	0.9875	0.9875
WGD2ANC00475	5	19	0.997368421053	1.0
WGD2ANC00483	52	8	1.0	0.9875
WGD2ANC00488	66	10	1.0	1.0
WGD2ANC00488	76	8	1.0	0.9375
WGD2ANC00488	84	13	1.0	1.0
WGD2ANC00492	1	13	0.984615384615	1.0
WGD2ANC00495	21	6	0.958333333333	0.983333333333
WGD2ANC00497	26	14	0.985714285714	0.907142857143
WGD2ANC00503	0	8	0.75	1.0
WGD2ANC00503	6	9	1.0	1.0
WGD2ANC00503	27	9	0.955555555556	1.0
WGD2ANC00507	2	10	0.955	0.895
WGD2ANC00507	16	12	0.9875	1.0
WGD2ANC00511	2	20	0.985	1.0
WGD2ANC00530	14	6	1.0	0.925
WGD2ANC00535	27	17	1.0	0.976470588235
WGD2ANC00543	6	12	0.979166666667	1.0
WGD2ANC00545	12	6	0.9	0.833333333333
WGD2ANC00566	54	11	0.968181818182	1.0
WGD2ANC00569	119	8	0.99375	1.0
WGD2ANC00571	34	10	0.875	0.95
WGD2ANC00583	13	8	0.96875	1.0
WGD2ANC00590	51	13	0.95	1.0
WGD2ANC00595	4	8	0.9	1.0
WGD2ANC00598	29	7	0.921428571429	0.985714285714
WGD2ANC00599	8	14	0.992857142857	1.0
WGD2ANC00599	150	6	0.975	0.975
WGD2ANC00600	59	11	0.990909090909	1.0
WGD2ANC00601	32	14	1.0	0.982142857143
WGD2ANC00604	46	25	0.988	1.0
WGD2ANC00611	2	9	0.994444444444	1.0
WGD2ANC00617	3	6	0.991666666667	1.0
WGD2ANC00618	13	16	0.99375	1.0
WGD2ANC00622	139	7	0.992857142857	1.0
WGD2ANC00629	10	8	0.975	0.975
WGD2ANC00629	21	11	1.0	1.0
WGD2ANC00630	159	6	0.966666666667	0.925
WGD2ANC00633	12	6	0.983333333333	0.966666666667
WGD2ANC00634	19	8	0.95625	0.93125
WGD2ANC00635	42	9	0.988888888889	1.0
WGD2ANC00644	59	23	0.99347826087	0.995652173913
WGD2ANC00649	6	8	1.0	0.98125
WGD2ANC00652	28	8	0.90625	0.99375
WGD2ANC00657	17	7	0.964285714286	0.985714285714
WGD2ANC00661	17	80	0.995	1.0
WGD2ANC00671	16	6	0.933333333333	1.0
WGD2ANC00672	1	8	0.98125	0.96875
WGD2ANC00676	6	9	0.761111111111	1.0
WGD2ANC00678	158	7	0.935714285714	0.95
WGD2ANC00698	11	26	0.990384615385	1.0
WGD2ANC00702	21	16	0.96875	1.0
WGD2ANC00704	18	7	0.985714285714	0.992857142857
WGD2ANC00704	59	14	0.992857142857	0.985714285714
WGD2ANC00705	17	11	0.986363636364	0.990909090909
WGD2ANC00705	35	13	0.992307692308	0.965384615385
WGD2ANC00715	11	11	0.972727272727	0.995454545455
WGD2ANC00716	53	11	0.986363636364	1.0
WGD2ANC00717	10	6	0.983333333333	0.966666666667
WGD2ANC00717	61	6	0.991666666667	1.0
WGD2ANC00725	19	20	0.995	0.9625
WGD2ANC00726	3	12	0.995833333333	0.8875
WGD2ANC00726	18	9	0.988888888889	0.988888888889
WGD2ANC00726	56	13	0.980769230769	0.876923076923
WGD2ANC00726	124	8	0.9875	1.0
WGD2ANC00728	4	17	0.985294117647	0.997058823529
WGD2ANC00728	123	10	0.94	0.985
WGD2ANC00734	4	12	0.975	1.0
WGD2ANC00734	38	17	0.979411764706	1.0
WGD2ANC00735	11	9	0.988888888889	1.0
WGD2ANC00736	18	6	0.908333333333	1.0
WGD2ANC00754	6	12	1.0	0.995833333333
WGD2ANC00767	187	6	0.908333333333	1.0
WGD2ANC00768	30	12	0.995833333333	0.975
WGD2ANC00768	62	8	0.96875	0.94375
WGD2ANC00768	77	6	0.983333333333	0.841666666667
WGD2ANC00770	44	10	1.0	0.98
WGD2ANC00776	5	21	0.985714285714	1.0
WGD2ANC00776	47	26	0.978846153846	0.95
WGD2ANC00777	2	20	0.995	0.98
WGD2ANC00780	29	7	0.95	0.992857142857
WGD2ANC00782	45	6	0.983333333333	1.0
WGD2ANC00782	182	6	0.916666666667	1.0
WGD2ANC00805	9	8	1.0	0.98125
WGD2ANC00805	45	11	0.986363636364	1.0
WGD2ANC00810	15	7	0.942857142857	1.0
WGD2ANC00812	9	6	0.966666666667	0.983333333333
WGD2ANC00817	2	7	0.971428571429	1.0
WGD2ANC00820	1	28	0.978571428571	1.0
WGD2ANC00824	43	18	0.994444444444	0.972222222222
WGD2ANC00824	69	10	0.99	1.0
WGD2ANC00827	6	13	0.996153846154	1.0
WGD2ANC00832	58	7	1.0	0.985714285714
WGD2ANC00833	7	10	1.0	0.98
WGD2ANC00836	2	8	0.9375	1.0
WGD2ANC00839	2	30	0.99	0.99
WGD2ANC00840	5	13	0.984615384615	0.976923076923
WGD2ANC00841	42	15	0.993333333333	0.97
WGD2ANC00843	6	9	1.0	0.983333333333
WGD2ANC00846	10	7	0.942857142857	1.0
WGD2ANC00850	5	11	0.990909090909	0.986363636364
WGD2ANC00853	23	15	0.996666666667	0.946666666667
WGD2ANC00853	45	18	0.988888888889	1.0
WGD2ANC00856	56	13	0.973076923077	1.0
WGD2ANC00858	1	29	0.993103448276	1.0
WGD2ANC00875	5	11	0.990909090909	1.0
WGD2ANC00878	19	8	0.9625	1.0
WGD2ANC00880	3	28	0.992857142857	0.967857142857
WGD2ANC00885	40	22	0.977272727273	0.979545454545
WGD2ANC00885	68	6	1.0	0.891666666667
WGD2ANC00885	74	8	0.98125	0.8875
WGD2ANC00885	84	6	0.933333333333	0.975
WGD2ANC00887	6	10	1.0	0.99
WGD2ANC00887	17	23	0.986956521739	0.989130434783
WGD2ANC00888	78	10	0.97	1.0
WGD2ANC00888	98	8	0.95625	1.0
WGD2ANC00892	12	24	0.991666666667	0.877083333333
WGD2ANC00898	6	6	0.991666666667	1.0
WGD2ANC00898	16	10	0.99	0.99
WGD2ANC00900	4	9	0.977777777778	1.0
WGD2ANC00902	155	6	0.941666666667	1.0
WGD2ANC00907	23	7	0.992857142857	0.878571428571
WGD2ANC00910	20	9	1.0	1.0
WGD2ANC00910	41	9	0.938888888889	0.85
WGD2ANC00910	107	6	0.941666666667	1.0
WGD2ANC00918	29	7	0.857142857143	0.985714285714
WGD2ANC00920	19	9	0.988888888889	0.966666666667
WGD2ANC00920	28	8	0.93125	0.9375
WGD2ANC00923	7	8	0.93125	1.0
WGD2ANC00923	15	10	1.0	0.97
WGD2ANC00928	15	9	1.0	0.977777777778
WGD2ANC00937	3	16	0.98125	1.0
WGD2ANC00938	11	14	1.0	0.985714285714
WGD2ANC00938	25	15	1.0	0.976666666667
WGD2ANC00938	42	10	0.975	0.985
WGD2ANC00938	60	23	1.0	1.0
WGD2ANC00941	2	25	0.99	1.0
WGD2ANC00941	139	8	0.9375	1.0
WGD2ANC00943	4	10	0.94	1.0
WGD2ANC00949	15	7	0.921428571429	1.0
WGD2ANC00952	7	7	0.978571428571	1.0
WGD2ANC00952	126	12	0.958333333333	1.0
WGD2ANC00953	18	13	0.984615384615	0.984615384615
WGD2ANC00954	19	7	0.964285714286	1.0
WGD2ANC00956	13	14	0.989285714286	0.978571428571
WGD2ANC00959	11	10	0.995	0.93
WGD2ANC00969	7	10	1.0	1.0
WGD2ANC00971	7	10	0.9	0.975
WGD2ANC00978	8	13	0.988461538462	0.992307692308
WGD2ANC00979	19	7	1.0	0.985714285714
WGD2ANC00979	31	9	0.983333333333	1.0
WGD2ANC00979	46	8	0.975	1.0
WGD2ANC00991	6	8	0.99375	1.0
WGD2ANC00991	28	11	0.968181818182	1.0
WGD2ANC00996	4	6	0.983333333333	1.0
WGD2ANC01001	1	15	0.996666666667	1.0
WGD2ANC01010	29	6	0.941666666667	1.0
WGD2ANC01011	20	20	1.0	1.0
WGD2ANC01019	14	7	0.978571428571	0.885714285714
WGD2ANC01026	25	10	0.975	1.0
WGD2ANC01026	55	12	0.991666666667	1.0
WGD2ANC01026	79	32	0.99375	0.93125
WGD2ANC01042	3	41	0.981707317073	1.0
WGD2ANC01042	225	9	0.977777777778	0.983333333333
WGD2ANC01049	6	12	0.983333333333	1.0
WGD2ANC01050	52	6	0.941666666667	0.916666666667
WGD2ANC01058	84	29	0.996551724138	1.0
WGD2ANC01066	1	17	0.994117647059	1.0
WGD2ANC01066	21	23	0.99347826087	0.991304347826
WGD2ANC01073	1	11	0.986363636364	0.968181818182
WGD2ANC01077	2	6	0.941666666667	1.0
WGD2ANC01079	4	12	0.995833333333	0.995833333333
WGD2ANC01082	4	12	1.0	1.0
WGD2ANC01084	162	7	0.971428571429	1.0
WGD2ANC01098	2	15	0.993333333333	1.0
WGD2ANC01098	137	9	0.966666666667	1.0
WGD2ANC01108	4	15	0.99	0.986666666667
WGD2ANC01112	6	6	0.925	1.0
WGD2ANC01124	33	8	0.86875	0.88125
WGD2ANC01128	1	6	0.983333333333	1.0
WGD2ANC01129	2	12	0.991666666667	1.0
WGD2ANC01129	15	17	1.0	0.982352941176
WGD2ANC01130	194	9	0.994444444444	1.0
WGD2ANC01141	2	11	0.977272727273	1.0
WGD2ANC01145	10	6	0.966666666667	0.958333333333
WGD2ANC01145	26	11	0.995454545455	0.977272727273
WGD2ANC01145	62	13	0.984615384615	1.0
WGD2ANC01145	79	24	0.997916666667	0.99375
WGD2ANC01157	7	7	1.0	0.992857142857
WGD2ANC01157	27	24	0.975	0.991666666667
WGD2ANC01157	56	9	0.994444444444	1.0
WGD2ANC01164	4	29	0.991379310345	0.962068965517
WGD2ANC01179	13	11	0.990909090909	1.0
WGD2ANC01184	18	8	0.91875	1.0
WGD2ANC01185	26	17	0.955882352941	1.0
WGD2ANC01188	5	12	0.991666666667	1.0
WGD2ANC01188	73	15	1.0	0.99
WGD2ANC01188	89	10	0.995	0.985
WGD2ANC01188	106	15	1.0	1.0
WGD2ANC01189	9	13	0.965384615385	1.0
WGD2ANC01189	32	8	1.0	1.0
WGD2ANC01189	55	11	0.909090909091	0.909090909091
WGD2ANC01194	16	17	1.0	0.955882352941
WGD2ANC01196	6	11	1.0	0.981818181818
WGD2ANC01203	7	9	0.972222222222	1.0
WGD2ANC01203	21	9	0.994444444444	1.0
WGD2ANC01203	38	10	0.99	1.0
WGD2ANC01203	59	20	0.995	1.0
WGD2ANC01204	25	8	0.99375	1.0
WGD2ANC01208	51	14	0.996428571429	0.935714285714
WGD2ANC01208	68	17	0.997058823529	1.0
WGD2ANC01212	15	7	0.957142857143	1.0
WGD2ANC01224	12	11	0.981818181818	0.995454545455
WGD2ANC01225	8	6	0.975	0.841666666667
WGD2ANC01227	28	7	0.95	1.0
WGD2ANC01227	42	7	0.985714285714	1.0
WGD2ANC01227	66	15	1.0	0.986666666667
WGD2ANC01227	91	9	0.972222222222	1.0
WGD2ANC01229	14	29	0.98275862069	0.974137931034
WGD2ANC01232	16	18	0.963888888889	0.988888888889
WGD2ANC01241	6	7	1.0	0.928571428571
WGD2ANC01241	21	8	1.0	0.90625
WGD2ANC01246	23	11	0.995454545455	0.945454545455
WGD2ANC01259	5	10	1.0	1.0
WGD2ANC01264	22	18	0.947222222222	1.0
WGD2ANC01272	24	10	0.98	0.965
WGD2ANC01272	43	7	1.0	0.942857142857
WGD2ANC01284	166	7	0.971428571429	1.0
WGD2ANC01290	2	7	0.971428571429	1.0
WGD2ANC01291	7	10	1.0	1.0
WGD2ANC01291	19	7	1.0	0.928571428571
WGD2ANC01291	33	19	1.0	0.981578947368
WGD2ANC01298	10	6	1.0	0.875
WGD2ANC01299	6	14	0.971428571429	0.964285714286
WGD2ANC01303	90	11	0.981818181818	1.0
WGD2ANC01308	31	13	0.992307692308	1.0
WGD2ANC01308	51	11	1.0	1.0
WGD2ANC01308	69	9	0.877777777778	0.866666666667
WGD2ANC01311	9	11	1.0	1.0
WGD2ANC01312	2	18	0.991666666667	1.0
WGD2ANC01314	145	16	0.9875	1.0
WGD2ANC01316	7	6	0.983333333333	0.95
WGD2ANC01317	18	12	0.995833333333	0.970833333333
WGD2ANC01317	46	11	0.986363636364	0.990909090909
WGD2ANC01320	23	11	1.0	0.95
WGD2ANC01320	42	8	0.99375	1.0
WGD2ANC01326	17	9	0.972222222222	1.0
WGD2ANC01327	2	10	0.935	0.84
WGD2ANC01329	7	44	0.989772727273	1.0
WGD2ANC01333	62	11	0.972727272727	1.0
WGD2ANC01335	1	24	0.991666666667	0.9875
WGD2ANC01337	27	9	0.988888888889	1.0
WGD2ANC01344	60	14	1.0	1.0
WGD2ANC01354	9	13	0.976923076923	0.984615384615
WGD2ANC01356	4	11	1.0	0.995454545455
WGD2ANC01358	11	6	0.966666666667	0.975
WGD2ANC01361	100	6	0.95	1.0
WGD2ANC01365	10	7	0.95	0.957142857143
WGD2ANC01373	12	9	0.961111111111	0.894444444444
WGD2ANC01373	30	6	0.975	1.0
WGD2ANC01376	2	13	0.980769230769	1.0
WGD2ANC01384	8	12	0.9375	0.929166666667
WGD2ANC01391	23	7	0.978571428571	1.0
WGD2ANC01392	7	7	0.992857142857	1.0
WGD2ANC01392	22	18	0.997222222222	1.0
WGD2ANC01393	16	7	0.921428571429	1.0
WGD2ANC01394	100	8	0.9375	0.8875
WGD2ANC01401	25	6	0.983333333333	0.908333333333
WGD2ANC01401	62	7	0.985714285714	0.992857142857
WGD2ANC01402	13	11	0.981818181818	0.95
WGD2ANC01402	29	10	1.0	0.855
WGD2ANC01410	11	9	0.977777777778	0.955555555556
WGD2ANC01411	45	12	0.970833333333	1.0
WGD2ANC01414	13	6	0.975	0.975
WGD2ANC01424	9	13	0.992307692308	1.0
WGD2ANC01424	32	20	0.9625	0.995
WGD2ANC01424	54	7	0.957142857143	1.0
WGD2ANC01426	3	6	0.991666666667	0.9
WGD2ANC01426	38	9	1.0	0.938888888889
WGD2ANC01432	26	17	1.0	0.988235294118
WGD2ANC01435	2	9	0.988888888889	1.0
WGD2ANC01435	12	7	0.971428571429	0.971428571429
WGD2ANC01441	10	6	1.0	0.975
WGD2ANC01442	29	6	0.933333333333	1.0
WGD2ANC01446	11	6	1.0	0.983333333333
WGD2ANC01446	19	17	0.991176470588	1.0
WGD2ANC01446	45	10	0.995	1.0
WGD2ANC01446	58	15	0.996666666667	1.0
WGD2ANC01446	75	36	0.993055555556	0.998611111111
WGD2ANC01447	185	9	1.0	1.0
WGD2ANC01447	202	8	0.99375	1.0
WGD2ANC01449	93	7	0.921428571429	1.0
WGD2ANC01456	2	9	0.983333333333	1.0
WGD2ANC01459	15	19	0.992105263158	0.992105263158
WGD2ANC01460	6	11	0.968181818182	0.981818181818
WGD2ANC01461	17	7	0.971428571429	0.978571428571
WGD2ANC01464	4	8	0.81875	0.825
WGD2ANC01469	3	10	0.775	0.895
WGD2ANC01469	16	6	1.0	0.916666666667
WGD2ANC01474	7	13	0.992307692308	0.992307692308
WGD2ANC01474	46	19	1.0	0.923684210526
WGD2ANC01475	1	8	0.98125	1.0
WGD2ANC01481	3	15	0.996666666667	1.0
WGD2ANC01481	28	12	0.975	1.0
WGD2ANC01484	14	14	0.975	0.964285714286
WGD2ANC01484	32	11	1.0	0.954545454545
WGD2ANC01494	3	7	0.978571428571	0.971428571429
WGD2ANC01495	9	6	0.933333333333	1.0
WGD2ANC01495	23	14	1.0	1.0
WGD2ANC01495	38	18	1.0	1.0
WGD2ANC01495	66	8	0.99375	0.98125
WGD2ANC01499	4	10	0.995	0.975
WGD2ANC01499	52	13	1.0	0.973076923077
WGD2ANC01519	14	9	1.0	1.0
WGD2ANC01525	7	11	0.990909090909	0.954545454545
WGD2ANC01530	28	7	0.9	1.0
WGD2ANC01533	37	8	0.96875	0.9375
WGD2ANC01533	53	8	1.0	0.98125
WGD2ANC01537	46	6	0.983333333333	0.95
WGD2ANC01540	29	7	0.985714285714	1.0
WGD2ANC01555	4	26	0.992307692308	0.982692307692
WGD2ANC01556	10	7	0.985714285714	0.985714285714
WGD2ANC01556	20	10	1.0	0.99
WGD2ANC01564	128	7	0.992857142857	1.0
WGD2ANC01569	3	7	0.928571428571	1.0
WGD2ANC01574	3	10	0.97	1.0
WGD2ANC01578	7	14	0.982142857143	0.957142857143
WGD2ANC01580	1	38	0.990789473684	0.922368421053
WGD2ANC01580	45	21	0.988095238095	0.988095238095
WGD2ANC01582	13	9	0.966666666667	0.911111111111
WGD2ANC01582	35	7	0.957142857143	1.0
WGD2ANC01582	44	27	0.97037037037	1.0
WGD2ANC01582	103	13	0.976923076923	1.0
WGD2ANC01583	55	32	0.996875	1.0
WGD2ANC01583	94	30	0.998333333333	0.99
WGD2ANC01583	128	6	0.916666666667	0.883333333333
WGD2ANC01583	136	9	0.994444444444	0.9
WGD2ANC01583	146	8	0.99375	0.8375
WGD2ANC01583	164	17	0.991176470588	0.985294117647
WGD2ANC01584	62	6	0.991666666667	1.0
WGD2ANC01584	78	10	0.94	1.0
WGD2ANC01584	132	7	0.9	0.942857142857
WGD2ANC01588	30	14	0.932142857143	1.0
WGD2ANC01589	4	9	0.944444444444	1.0
WGD2ANC01589	43	20	0.98	1.0
WGD2ANC01589	67	7	0.985714285714	1.0
WGD2ANC01589	78	10	0.99	1.0
WGD2ANC01590	26	7	0.95	1.0
WGD2ANC01590	38	8	0.9875	1.0
WGD2ANC01591	3	21	0.995238095238	0.997619047619
WGD2ANC01598	2	9	0.988888888889	1.0
WGD2ANC01604	4	11	0.986363636364	0.986363636364
WGD2ANC01610	3	13	0.992307692308	1.0
WGD2ANC01613	47	26	0.992307692308	1.0
WGD2ANC01618	37	10	0.955	0.97
WGD2ANC01618	54	9	0.95	0.988888888889
WGD2ANC01624	23	6	0.975	1.0
WGD2ANC01626	16	8	0.975	0.9875
WGD2ANC01629	221	15	0.946666666667	0.986666666667
WGD2ANC01632	10	7	0.971428571429	1.0
WGD2ANC01643	1	22	0.995454545455	0.972727272727
WGD2ANC01643	28	6	0.966666666667	1.0
WGD2ANC01646	2	9	0.961111111111	1.0
WGD2ANC01651	38	15	0.99	1.0
WGD2ANC01653	5	6	0.941666666667	1.0
WGD2ANC01656	5	6	0.95	1.0
WGD2ANC01665	1	7	0.985714285714	0.964285714286
WGD2ANC01667	120	17	1.0	0.979411764706
WGD2ANC01667	138	9	0.988888888889	0.972222222222
WGD2ANC01670	210	12	0.995833333333	0.958333333333
WGD2ANC01672	1	7	1.0	0.9
WGD2ANC01672	47	6	0.925	0.85
WGD2ANC01678	94	12	0.9875	0.945833333333
WGD2ANC01700	1	14	0.982142857143	1.0
WGD2ANC01702	16	13	1.0	0.888461538462
WGD2ANC01702	34	15	1.0	0.966666666667
WGD2ANC01702	55	14	1.0	0.807142857143
WGD2ANC01702	69	7	1.0	0.85
WGD2ANC01702	79	8	1.0	0.9875
WGD2ANC01704	14	40	0.995	1.0
WGD2ANC01707	11	22	0.990909090909	1.0
WGD2ANC01715	70	15	0.993333333333	0.943333333333
WGD2ANC01716	42	18	1.0	0.991666666667
WGD2ANC01721	24	6	1.0	0.941666666667
WGD2ANC01731	23	11	1.0	0.986363636364
WGD2ANC01732	8	14	0.967857142857	1.0
WGD2ANC01739	96	6	0.975	1.0
WGD2ANC01745	8	19	1.0	0.997368421053
WGD2ANC01756	19	7	0.978571428571	0.992857142857
WGD2ANC01761	23	8	0.9875	0.93125
WGD2ANC01770	2	11	0.990909090909	1.0
WGD2ANC01779	2	9	1.0	1.0
WGD2ANC01779	21	12	0.979166666667	1.0
WGD2ANC01782	138	34	0.985294117647	1.0
WGD2ANC01785	38	11	0.986363636364	1.0
WGD2ANC01787	19	10	0.97	0.93
WGD2ANC01788	6	14	0.989285714286	0.975
WGD2ANC01792	18	11	0.981818181818	0.8
WGD2ANC01796	30	8	1.0	0.9625
WGD2ANC01806	104	7	0.971428571429	1.0
WGD2ANC01811	26	10	0.97	1.0
WGD2ANC01814	25	8	0.975	0.9625
WGD2ANC01814	36	24	0.995833333333	1.0
WGD2ANC01814	75	8	0.9875	1.0
WGD2ANC01820	4	6	0.958333333333	1.0
WGD2ANC01820	39	10	0.965	1.0
WGD2ANC01821	2	6	0.983333333333	0.941666666667
WGD2ANC01827	5	6	0.991666666667	0.925
WGD2ANC01827	29	6	0.958333333333	1.0
WGD2ANC01827	58	11	0.990909090909	0.909090909091
WGD2ANC01828	12	7	0.978571428571	1.0
WGD2ANC01836	31	6	0.958333333333	1.0
WGD2ANC01838	9	9	1.0	0.977777777778
WGD2ANC01844	6	8	1.0	0.99375
WGD2ANC01870	4	15	1.0	1.0
WGD2ANC01873	8	10	0.98	0.995
WGD2ANC01873	22	9	0.95	0.9
WGD2ANC01873	36	8	0.98125	0.9625
WGD2ANC01876	4	6	0.966666666667	1.0
WGD2ANC01885	158	19	0.960526315789	1.0
WGD2ANC01903	49	20	1.0	0.9975
WGD2ANC01903	197	9	0.988888888889	0.872222222222
WGD2ANC01904	14	17	0.997058823529	1.0
WGD2ANC01912	28	7	0.928571428571	1.0
WGD2ANC01916	105	7	1.0	0.95
WGD2ANC01917	10	10	0.97	0.985
WGD2ANC01917	23	29	0.98275862069	1.0
WGD2ANC01925	3	11	0.981818181818	1.0
WGD2ANC01927	18	9	0.977777777778	1.0
WGD2ANC01929	5	8	0.99375	0.9625
WGD2ANC01929	20	8	0.98125	0.9875
WGD2ANC01930	10	17	1.0	0.988235294118
WGD2ANC01931	28	10	0.96	1.0
WGD2ANC01936	116	6	0.991666666667	0.966666666667
WGD2ANC01937	7	8	1.0	0.975
WGD2ANC01937	31	14	0.960714285714	0.996428571429
WGD2ANC01937	47	8	1.0	1.0
WGD2ANC01937	58	13	0.980769230769	0.992307692308
WGD2ANC01949	17	22	1.0	1.0
WGD2ANC01950	2	10	1.0	0.995
WGD2ANC01950	35	21	0.980952380952	1.0
WGD2ANC01950	76	18	0.961111111111	1.0
WGD2ANC01953	2	20	0.995	0.995
WGD2ANC01953	25	7	0.971428571429	0.992857142857
WGD2ANC01953	39	9	1.0	0.977777777778
WGD2ANC01954	148	34	0.972058823529	1.0
WGD2ANC01962	6	18	0.961111111111	1.0
WGD2ANC01967	6	8	0.9875	0.975
WGD2ANC01973	28	14	1.0	0.95
WGD2ANC01978	2	16	0.996875	1.0
WGD2ANC01979	1	11	0.990909090909	1.0
WGD2ANC01981	5	13	0.996153846154	0.884615384615
WGD2ANC01981	21	10	1.0	0.8
WGD2ANC01981	60	7	0.907142857143	0.992857142857
WGD2ANC01981	75	8	0.8375	0.86875
WGD2ANC01982	3	23	0.989130434783	1.0
WGD2ANC01982	33	8	0.99375	0.925
WGD2ANC01982	47	12	0.970833333333	1.0
WGD2ANC01984	9	26	1.0	1.0
WGD2ANC01993	13	18	0.980555555556	1.0
WGD2ANC01994	1	13	1.0	1.0
WGD2ANC01994	23	7	0.985714285714	1.0
WGD2ANC01994	36	8	0.99375	1.0
WGD2ANC01995	5	6	0.958333333333	1.0
WGD2ANC01996	50	7	1.0	1.0
WGD2ANC01997	77	8	0.95625	0.94375
WGD2ANC01998	133	15	0.976666666667	0.963333333333
WGD2ANC01998	151	10	0.98	1.0
WGD2ANC01999	2	10	0.99	1.0
WGD2ANC01999	17	10	1.0	0.97
WGD2ANC01999	32	13	0.992307692308	0.861538461538
WGD2ANC02000	24	11	0.995454545455	1.0
WGD2ANC02000	149	15	0.98	1.0
WGD2ANC02013	66	9	0.988888888889	0.994444444444
WGD2ANC02017	1	10	0.985	0.885
WGD2ANC02023	21	9	0.977777777778	0.994444444444
WGD2ANC02024	32	17	0.997058823529	0.923529411765
WGD2ANC02027	23	6	1.0	0.866666666667
WGD2ANC02043	1	9	1.0	1.0
WGD2ANC02043	19	7	0.964285714286	0.985714285714
WGD2ANC02044	30	15	0.99	1.0
WGD2ANC02054	39	15	0.976666666667	1.0
WGD2ANC02055	183	8	0.95625	1.0
WGD2ANC02057	2	37	0.989189189189	1.0
WGD2ANC02060	15	9	0.988888888889	0.977777777778
WGD2ANC02066	10	8	0.9875	1.0
WGD2ANC02066	19	13	1.0	1.0
WGD2ANC02066	163	11	0.986363636364	0.986363636364
WGD2ANC02066	181	14	0.957142857143	0.971428571429
WGD2ANC02068	4	17	0.979411764706	1.0
WGD2ANC02071	4	6	0.966666666667	1.0
WGD2ANC02071	22	8	0.94375	1.0
WGD2ANC02076	2	7	0.971428571429	1.0
WGD2ANC02077	3	12	0.9875	1.0
WGD2ANC02077	15	10	0.97	1.0
WGD2ANC02079	5	7	0.942857142857	1.0
WGD2ANC02087	6	13	0.984615384615	1.0
WGD2ANC02087	115	8	0.9875	1.0
WGD2ANC02095	4	8	0.93125	0.85
WGD2ANC02109	5	13	0.996153846154	1.0
WGD2ANC02109	23	7	0.978571428571	1.0
WGD2ANC02112	35	15	1.0	0.993333333333
WGD2ANC02112	74	19	0.968421052632	1.0
WGD2ANC02117	6	12	0.954166666667	1.0
WGD2ANC02117	24	10	0.955	1.0
WGD2ANC02123	6	13	0.976923076923	1.0
WGD2ANC02124	7	10	0.975	0.885
WGD2ANC02132	2	9	0.994444444444	1.0
WGD2ANC02151	27	12	0.975	1.0
WGD2ANC02151	52	11	1.0	0.968181818182
WGD2ANC02151	70	8	0.99375	1.0
WGD2ANC02151	81	7	1.0	0.971428571429
WGD2ANC02159	2	11	0.9	1.0
WGD2ANC02163	21	6	0.975	0.983333333333
WGD2ANC02163	32	14	0.975	0.960714285714
WGD2ANC02170	2	21	0.978571428571	1.0
WGD2ANC02184	46	9	0.994444444444	0.988888888889
WGD2ANC02185	7	6	0.908333333333	1.0
WGD2ANC02185	18	9	0.977777777778	0.966666666667
WGD2ANC02193	115	13	0.969230769231	1.0
WGD2ANC02195	6	8	0.825	0.8625
WGD2ANC02199	22	14	1.0	0.95
WGD2ANC02199	40	9	0.994444444444	1.0
WGD2ANC02201	8	10	0.92	0.995
WGD2ANC02208	27	13	0.988461538462	0.976923076923
WGD2ANC02208	178	15	0.97	1.0
WGD2ANC02214	2	7	0.95	0.985714285714
WGD2ANC02214	11	9	0.983333333333	0.977777777778
WGD2ANC02218	31	6	1.0	1.0
WGD2ANC02218	37	14	0.971428571429	1.0
WGD2ANC02232	31	8	1.0	0.98125
WGD2ANC02240	3	17	0.985294117647	0.958823529412
WGD2ANC02245	8	10	0.96	0.975
WGD2ANC02247	8	15	0.996666666667	0.98
WGD2ANC02247	32	13	0.992307692308	0.988461538462
WGD2ANC02248	6	10	0.965	0.96
WGD2ANC02248	28	11	0.981818181818	1.0
WGD2ANC02254	109	6	0.983333333333	1.0
WGD2ANC02254	141	8	1.0	0.975
WGD2ANC02255	8	9	0.977777777778	0.844444444444
WGD2ANC02255	22	13	0.976923076923	0.892307692308
WGD2ANC02255	38	9	0.972222222222	1.0
WGD2ANC02256	9	6	1.0	0.983333333333
WGD2ANC02258	7	9	1.0	0.95
WGD2ANC02258	32	6	1.0	0.991666666667
WGD2ANC02258	53	13	0.980769230769	0.976923076923
WGD2ANC02267	9	9	1.0	0.972222222222
WGD2ANC02267	26	16	1.0	0.990625
WGD2ANC02267	52	8	0.875	0.83125
WGD2ANC02271	9	7	0.842857142857	0.971428571429
WGD2ANC02282	9	7	0.985714285714	0.914285714286
WGD2ANC02288	2	14	0.989285714286	1.0
WGD2ANC02288	22	6	0.966666666667	1.0
WGD2ANC02293	3	11	0.981818181818	0.968181818182
WGD2ANC02303	22	19	0.994736842105	0.989473684211
WGD2ANC02307	12	8	0.96875	1.0
WGD2ANC02315	5	17	0.982352941176	1.0
WGD2ANC02316	7	7	1.0	0.992857142857
WGD2ANC02325	3	9	0.977777777778	1.0
WGD2ANC02328	2	8	0.98125	0.975
WGD2ANC02332	13	14	0.957142857143	1.0
WGD2ANC02334	21	6	0.983333333333	1.0
WGD2ANC02336	18	9	0.994444444444	1.0
WGD2ANC02342	12	8	0.96875	0.95625
WGD2ANC02342	28	21	0.988095238095	0.983333333333
WGD2ANC02345	205	33	0.974242424242	1.0
WGD2ANC02346	4	22	0.990909090909	0.997727272727
WGD2ANC02347	13	11	0.995454545455	0.972727272727
WGD2ANC02363	15	9	0.95	0.922222222222
WGD2ANC02365	10	12	1.0	0.8625
WGD2ANC02371	9	6	0.983333333333	0.966666666667
WGD2ANC02375	9	6	0.991666666667	1.0
WGD2ANC02377	11	10	0.955	1.0
WGD2ANC02377	38	13	0.984615384615	0.988461538462
WGD2ANC02377	53	10	1.0	0.975
WGD2ANC02377	85	25	0.99	0.974
WGD2ANC02382	4	9	0.988888888889	0.977777777778
WGD2ANC02388	19	8	0.975	0.98125
WGD2ANC02388	30	12	0.9125	0.883333333333
WGD2ANC02390	25	6	0.966666666667	0.85
WGD2ANC02395	46	18	0.991666666667	1.0
WGD2ANC02406	14	8	0.99375	0.9625
WGD2ANC02409	3	8	0.98125	0.975
WGD2ANC02409	12	6	0.991666666667	0.983333333333
WGD2ANC02413	3	33	0.998484848485	1.0
WGD2ANC02414	32	7	0.985714285714	0.985714285714
WGD2ANC02420	27	15	0.996666666667	1.0
WGD2ANC02424	9	9	0.933333333333	0.977777777778
WGD2ANC02438	5	10	0.98	1.0
WGD2ANC02442	3	6	0.983333333333	1.0
WGD2ANC02450	222	8	0.9625	1.0
WGD2ANC02451	24	7	0.9	1.0
WGD2ANC02454	4	6	0.966666666667	0.991666666667
WGD2ANC02454	12	9	0.994444444444	1.0
WGD2ANC02455	2	56	0.998214285714	0.999107142857
WGD2ANC02461	13	9	0.944444444444	0.994444444444
WGD2ANC02467	3	7	0.992857142857	1.0
WGD2ANC02468	1	10	0.98	1.0
WGD2ANC02469	198	11	0.990909090909	0.981818181818
WGD2ANC02469	211	7	0.978571428571	0.978571428571
WGD2ANC02474	1	9	0.983333333333	0.983333333333
WGD2ANC02474	14	6	0.933333333333	0.983333333333
WGD2ANC02475	12	10	0.985	1.0
WGD2ANC02487	131	8	0.96875	0.975
WGD2ANC02495	18	11	0.986363636364	0.868181818182
WGD2ANC02499	5	6	0.975	0.966666666667
WGD2ANC02507	4	13	0.980769230769	1.0
WGD2ANC02508	3	8	0.85625	0.88125
WGD2ANC02516	2	18	0.975	1.0
WGD2ANC02526	53	8	0.98125	1.0
WGD2ANC02528	25	6	0.958333333333	1.0
WGD2ANC02546	28	6	0.933333333333	1.0
WGD2ANC02552	12	6	0.983333333333	1.0
WGD2ANC02552	21	8	1.0	0.98125
WGD2ANC02555	17	10	1.0	0.855
WGD2ANC02555	29	9	0.977777777778	1.0
WGD2ANC02557	7	6	0.983333333333	0.983333333333
WGD2ANC02564	4	13	1.0	1.0
WGD2ANC02566	16	7	1.0	0.957142857143
WGD2ANC02566	38	10	0.995	0.98
WGD2ANC02567	0	30	1.0	0.971666666667
WGD2ANC02572	2	6	0.908333333333	1.0
WGD2ANC02573	26	9	0.911111111111	1.0
WGD2ANC02577	7	14	0.989285714286	0.875
WGD2ANC02578	62	9	0.983333333333	1.0
WGD2ANC02578	81	10	0.98	1.0
WGD2ANC02578	111	14	0.996428571429	0.896428571429
WGD2ANC02578	135	7	1.0	0.971428571429
WGD2ANC02579	40	8	1.0	1.0
WGD2ANC02593	2	20	0.995	0.9825
WGD2ANC02602	2	10	0.975	0.945
WGD2ANC02602	14	7	1.0	0.928571428571
WGD2ANC02612	13	12	0.979166666667	1.0
WGD2ANC02613	55	7	0.935714285714	1.0
WGD2ANC02615	4	9	1.0	1.0
WGD2ANC02615	20	18	1.0	0.983333333333
WGD2ANC02615	40	10	0.975	0.97
WGD2ANC02615	68	7	0.992857142857	1.0
WGD2ANC02619	71	11	0.986363636364	1.0
WGD2ANC02621	13	7	1.0	0.9
WGD2ANC02622	109	6	0.975	0.883333333333
WGD2ANC02625	10	10	0.99	0.94
WGD2ANC02630	4	13	0.946153846154	0.869230769231
WGD2ANC02640	2	6	0.908333333333	0.975
WGD2ANC02640	11	9	0.944444444444	1.0
WGD2ANC02644	16	15	0.966666666667	1.0
WGD2ANC02644	170	9	0.95	1.0
WGD2ANC02647	3	13	0.992307692308	0.988461538462
WGD2ANC02647	18	8	0.98125	1.0
WGD2ANC02663	12	6	1.0	0.95
WGD2ANC02663	21	16	0.9875	0.9875
WGD2ANC02666	11	10	0.97	0.915
WGD2ANC02678	89	10	0.985	0.89
WGD2ANC02683	10	11	0.954545454545	0.986363636364
WGD2ANC02685	1	10	0.97	1.0
WGD2ANC02687	6	9	1.0	0.972222222222
WGD2ANC02687	38	12	1.0	1.0
WGD2ANC02688	136	6	0.958333333333	0.983333333333
WGD2ANC02691	3	14	0.992857142857	0.989285714286
WGD2ANC02691	18	6	0.975	0.925
WGD2ANC02691	36	9	0.95	0.988888888889
WGD2ANC02691	56	18	0.991666666667	1.0
WGD2ANC02691	106	8	0.9875	1.0
WGD2ANC02695	5	13	1.0	1.0
WGD2ANC02697	1	20	1.0	1.0
WGD2ANC02698	9	13	1.0	0.880769230769
WGD2ANC02698	24	13	0.988461538462	1.0
WGD2ANC02698	44	17	1.0	1.0
WGD2ANC02698	63	8	0.9375	0.9125
WGD2ANC02700	113	16	0.965625	1.0
WGD2ANC02708	5	6	0.933333333333	1.0
WGD2ANC02708	32	10	0.965	0.9
WGD2ANC02708	195	9	0.988888888889	0.977777777778
WGD2ANC02709	46	11	0.990909090909	0.995454545455
WGD2ANC02710	6	10	0.97	1.0
WGD2ANC02713	3	10	0.96	1.0
WGD2ANC02723	16	15	0.99	0.913333333333
WGD2ANC02744	27	6	0.991666666667	0.883333333333
WGD2ANC02745	1	22	0.997727272727	0.993181818182
WGD2ANC02745	53	11	1.0	1.0
WGD2ANC02745	65	13	0.973076923077	0.969230769231
WGD2ANC02745	92	12	0.979166666667	1.0
WGD2ANC02745	134	8	0.975	1.0
WGD2ANC02751	9	11	1.0	1.0
WGD2ANC02755	12	6	0.983333333333	1.0
WGD2ANC02757	45	12	0.966666666667	1.0
WGD2ANC02768	2	10	0.97	0.98
WGD2ANC02770	112	33	0.972727272727	0.99696969697
WGD2ANC02770	148	6	0.966666666667	0.991666666667
WGD2ANC02770	156	9	0.977777777778	1.0
WGD2ANC02772	20	7	0.971428571429	1.0
WGD2ANC02775	8	7	0.985714285714	0.978571428571
WGD2ANC02778	19	11	0.890909090909	0.918181818182
WGD2ANC02782	39	21	0.995238095238	1.0
WGD2ANC02782	71	7	1.0	0.978571428571
WGD2ANC02782	80	20	0.9775	1.0
WGD2ANC02786	12	10	0.995	0.99
WGD2ANC02786	39	7	0.971428571429	0.978571428571
WGD2ANC02786	54	9	0.972222222222	0.872222222222
WGD2ANC02789	3	9	0.983333333333	1.0
WGD2ANC02797	24	6	1.0	0.941666666667
WGD2ANC02801	7	8	0.95625	1.0
WGD2ANC02801	24	16	0.99375	0.996875
WGD2ANC02803	4	8	1.0	1.0
WGD2ANC02803	28	7	0.978571428571	1.0
WGD2ANC02809	12	14	1.0	0.85
WGD2ANC02809	28	14	1.0	0.842857142857
WGD2ANC02810	17	11	0.990909090909	1.0
WGD2ANC02810	32	26	0.992307692308	0.994230769231
WGD2ANC02811	12	8	0.9875	0.98125
WGD2ANC02819	34	8	0.71875	0.95625
WGD2ANC02833	7	7	0.985714285714	0.978571428571
WGD2ANC02844	23	20	0.9925	1.0
WGD2ANC02845	38	15	0.956666666667	1.0
WGD2ANC02852	53	9	0.983333333333	0.983333333333
WGD2ANC02856	49	12	1.0	0.933333333333
WGD2ANC02862	2	12	1.0	0.991666666667
WGD2ANC02872	15	13	0.984615384615	1.0
WGD2ANC02884	10	6	0.966666666667	0.983333333333
WGD2ANC02884	18	12	1.0	0.983333333333
WGD2ANC02884	32	7	1.0	0.935714285714
WGD2ANC02898	9	12	0.995833333333	0.9875
WGD2ANC02899	56	9	0.972222222222	1.0
WGD2ANC02918	21	9	1.0	1.0
WGD2ANC02923	3	18	0.997222222222	0.983333333333
WGD2ANC02923	23	9	0.983333333333	0.966666666667
WGD2ANC02933	4	6	0.941666666667	0.975
WGD2ANC02939	26	6	0.9	1.0
WGD2ANC02951	4	9	1.0	0.833333333333
WGD2ANC02957	15	12	0.995833333333	1.0
WGD2ANC02957	33	23	0.986956521739	0.980434782609
WGD2ANC02960	3	17	1.0	0.967647058824
WGD2ANC02964	0	13	0.988461538462	1.0
WGD2ANC02964	31	33	0.995454545455	0.945454545455
WGD2ANC02964	75	15	0.98	0.8
WGD2ANC02964	130	17	0.985294117647	1.0
WGD2ANC02967	2	7	1.0	1.0
WGD2ANC02967	9	9	0.994444444444	1.0
WGD2ANC02967	42	6	0.991666666667	0.975
WGD2ANC02969	8	14	1.0	0.985714285714
WGD2ANC02970	4	16	1.0	1.0
WGD2ANC02970	37	12	0.991666666667	0.9875
WGD2ANC02970	52	12	1.0	1.0
WGD2ANC02970	67	10	0.97	1.0
WGD2ANC02970	90	7	1.0	0.971428571429
WGD2ANC02983	148	6	0.975	0.966666666667
WGD2ANC02990	11	8	1.0	0.99375
WGD2ANC03000	6	13	1.0	0.973076923077
WGD2ANC03000	22	7	1.0	0.95
WGD2ANC03003	22	13	1.0	0.965384615385
WGD2ANC03004	9	30	0.975	1.0
WGD2ANC03012	11	6	0.958333333333	1.0
WGD2ANC03027	13	7	0.992857142857	0.992857142857
WGD2ANC03027	21	19	0.926315789474	1.0
WGD2ANC03035	17	9	1.0	0.922222222222
WGD2ANC03035	33	16	0.984375	0.99375
WGD2ANC03037	15	6	0.983333333333	0.908333333333
WGD2ANC03037	44	8	0.975	1.0
WGD2ANC03048	8	12	0.979166666667	1.0
WGD2ANC03049	17	25	0.99	0.968
WGD2ANC03050	47	6	1.0	0.958333333333
WGD2ANC03050	56	7	0.957142857143	0.978571428571
WGD2ANC03053	5	9	0.977777777778	1.0
WGD2ANC03053	64	8	0.99375	1.0
WGD2ANC03055	9	10	1.0	0.945
WGD2ANC03059	1	9	1.0	0.977777777778
WGD2ANC03059	13	6	1.0	1.0
WGD2ANC03066	13	6	0.925	1.0
WGD2ANC03075	24	9	0.961111111111	0.972222222222
WGD2ANC03086	61	9	0.983333333333	0.961111111111
WGD2ANC03086	79	9	0.955555555556	1.0
WGD2ANC03088	1	20	1.0	1.0
WGD2ANC03088	36	26	0.984615384615	1.0
WGD2ANC03088	144	7	0.992857142857	1.0
WGD2ANC03089	18	18	0.966666666667	0.819444444444
WGD2ANC03089	52	10	0.985	0.8
WGD2ANC03089	63	13	0.992307692308	0.846153846154
WGD2ANC03089	181	9	0.961111111111	0.933333333333
WGD2ANC03100	6	18	0.994444444444	0.991666666667
WGD2ANC03115	17	13	1.0	0.984615384615
WGD2ANC03115	34	25	0.988	0.996
WGD2ANC03115	187	11	0.986363636364	1.0
WGD2ANC03126	5	14	0.996428571429	0.975
WGD2ANC03127	9	6	0.966666666667	1.0
WGD2ANC03127	138	10	0.96	1.0
WGD2ANC03129	102	8	0.9875	0.9875
WGD2ANC03130	62	11	0.981818181818	1.0
WGD2ANC03133	13	13	0.996153846154	1.0
WGD2ANC03133	30	6	0.975	0.975
WGD2ANC03133	38	14	0.975	0.996428571429
WGD2ANC03136	33	7	0.942857142857	1.0
WGD2ANC03138	135	9	0.972222222222	1.0
WGD2ANC03139	96	6	0.975	0.975
WGD2ANC03150	8	8	0.98125	1.0
WGD2ANC03152	0	6	1.0	1.0
WGD2ANC03152	8	6	1.0	1.0
WGD2ANC03153	10	7	0.928571428571	1.0
WGD2ANC03164	3	13	0.984615384615	0.957692307692
WGD2ANC03177	13	16	0.99375	0.996875
WGD2ANC03184	5	6	0.916666666667	1.0
WGD2ANC03185	19	23	1.0	0.939130434783
WGD2ANC03189	24	8	0.95	1.0
WGD2ANC03192	4	6	0.983333333333	0.9
WGD2ANC03195	12	16	0.99375	0.984375
WGD2ANC03195	30	9	0.994444444444	1.0
WGD2ANC03195	54	7	0.935714285714	1.0
WGD2ANC03196	23	14	0.978571428571	0.946428571429
WGD2ANC03199	1	10	0.935	0.965
WGD2ANC03213	69	6	1.0	0.966666666667
WGD2ANC03216	8	10	0.995	0.955
WGD2ANC03218	0	9	1.0	1.0
WGD2ANC03220	4	9	0.994444444444	0.977777777778
WGD2ANC03220	27	9	0.994444444444	0.983333333333
WGD2ANC03220	41	11	1.0	0.986363636364
WGD2ANC03221	12	14	0.967857142857	0.978571428571
WGD2ANC03224	9	11	0.977272727273	0.986363636364
WGD2ANC03226	12	25	0.994	1.0
WGD2ANC03227	4	6	0.991666666667	0.908333333333
WGD2ANC03229	2	12	0.995833333333	0.9875
WGD2ANC03229	16	7	0.942857142857	0.95
WGD2ANC03232	11	9	0.977777777778	1.0
WGD2ANC03244	80	7	0.957142857143	1.0
WGD2ANC03244	95	11	0.968181818182	1.0
WGD2ANC03244	123	29	0.981034482759	1.0
WGD2ANC03244	153	18	0.997222222222	1.0
WGD2ANC03244	179	17	0.994117647059	1.0
WGD2ANC03245	31	11	0.977272727273	1.0
WGD2ANC03268	6	6	0.958333333333	0.983333333333
WGD2ANC03270	5	8	0.95625	1.0
WGD2ANC03279	3	23	0.967391304348	0.965217391304
WGD2ANC03281	12	30	0.998333333333	0.895
WGD2ANC03283	18	14	0.967857142857	1.0
WGD2ANC03291	14	15	0.98	0.986666666667
WGD2ANC03291	34	6	1.0	0.975
WGD2ANC03291	54	20	0.9925	0.9825
WGD2ANC03291	95	9	1.0	1.0
WGD2ANC03297	4	8	0.9625	0.93125
WGD2ANC03300	6	7	0.971428571429	1.0
WGD2ANC03306	9	21	1.0	0.966666666667
WGD2ANC03315	4	7	0.985714285714	0.978571428571
WGD2ANC03316	16	8	0.99375	1.0
WGD2ANC03323	29	7	0.95	1.0
WGD2ANC03335	169	6	0.908333333333	1.0
WGD2ANC03348	1	15	0.993333333333	1.0
WGD2ANC03365	9	6	0.933333333333	1.0
WGD2ANC03368	8	39	0.992307692308	1.0
WGD2ANC03376	9	6	0.933333333333	1.0
WGD2ANC03379	7	12	0.991666666667	0.9625
WGD2ANC03393	2	7	0.978571428571	1.0
WGD2ANC03407	17	6	1.0	1.0
WGD2ANC03412	7	12	0.958333333333	0.95
WGD2ANC03418	155	9	0.977777777778	1.0
WGD2ANC03419	7	16	0.975	1.0
WGD2ANC03422	7	10	1.0	0.975
WGD2ANC03426	33	12	0.995833333333	1.0
WGD2ANC03426	47	13	0.984615384615	1.0
WGD2ANC03429	3	10	1.0	0.955
WGD2ANC03429	16	9	1.0	1.0
WGD2ANC03429	28	20	1.0	1.0
WGD2ANC03436	148	6	0.966666666667	0.908333333333
WGD2ANC03450	5	8	0.825	0.88125
WGD2ANC03450	124	8	0.9875	0.9875
WGD2ANC03457	2	9	0.966666666667	1.0
WGD2ANC03457	15	20	0.9875	1.0
WGD2ANC03457	55	12	0.954166666667	0.991666666667
WGD2ANC03461	7	12	0.995833333333	0.958333333333
WGD2ANC03464	5	18	0.991666666667	1.0
WGD2ANC03466	35	24	0.96875	1.0
WGD2ANC03467	6	34	0.986764705882	1.0
WGD2ANC03467	77	11	0.986363636364	1.0
WGD2ANC03474	1	7	0.992857142857	1.0
WGD2ANC03474	9	8	0.99375	1.0
WGD2ANC03474	19	44	0.998863636364	0.997727272727
WGD2ANC03474	65	29	0.996551724138	0.996551724138
WGD2ANC03474	96	6	0.991666666667	0.991666666667
WGD2ANC03474	106	6	1.0	0.983333333333
WGD2ANC03474	115	7	0.985714285714	0.971428571429
WGD2ANC03476	3	17	0.973529411765	1.0
WGD2ANC03485	10	9	0.966666666667	0.877777777778
WGD2ANC03492	2	13	0.992307692308	1.0
WGD2ANC03492	20	10	1.0	0.97
WGD2ANC03492	40	14	0.989285714286	0.985714285714
WGD2ANC03492	66	24	0.995833333333	0.975
WGD2ANC03492	94	7	0.992857142857	0.992857142857
WGD2ANC03492	112	6	0.983333333333	1.0
WGD2ANC03493	26	7	0.95	1.0
WGD2ANC03507	68	16	1.0	0.975
WGD2ANC03512	4	6	0.933333333333	1.0
WGD2ANC03512	26	14	0.992857142857	1.0
WGD2ANC03512	83	10	0.98	1.0
WGD2ANC03512	114	6	0.95	1.0
WGD2ANC03520	19	12	0.979166666667	1.0
WGD2ANC03525	21	16	0.971875	1.0
WGD2ANC03526	2	14	0.992857142857	0.882142857143
WGD2ANC03527	60	11	0.981818181818	0.990909090909
WGD2ANC03528	6	8	0.94375	1.0
WGD2ANC03532	38	7	0.992857142857	1.0
WGD2ANC03532	46	14	0.989285714286	0.978571428571
WGD2ANC03539	172	11	0.977272727273	0.977272727273
WGD2ANC03543	18	18	1.0	1.0
WGD2ANC03543	38	13	0.992307692308	0.892307692308
WGD2ANC03545	35	10	1.0	0.995
WGD2ANC03545	47	11	0.977272727273	0.954545454545
WGD2ANC03545	78	9	1.0	1.0
WGD2ANC03550	120	6	0.991666666667	1.0
WGD2ANC03551	2	18	0.977777777778	1.0
WGD2ANC03553	16	11	0.986363636364	0.945454545455
WGD2ANC03564	15	7	0.985714285714	1.0
WGD2ANC03566	2	8	0.99375	1.0
WGD2ANC03566	15	8	1.0	0.975
WGD2ANC03566	29	7	1.0	0.928571428571
WGD2ANC03567	8	11	0.990909090909	0.995454545455
WGD2ANC03567	21	6	0.991666666667	0.9
WGD2ANC03569	22	19	0.973684210526	1.0
WGD2ANC03573	2	17	1.0	1.0
WGD2ANC03581	38	9	0.994444444444	0.988888888889
WGD2ANC03581	51	7	1.0	0.964285714286
WGD2ANC03587	9	10	0.995	1.0
WGD2ANC03598	46	9	0.966666666667	1.0
WGD2ANC03605	36	7	0.928571428571	1.0
WGD2ANC03605	97	7	0.971428571429	1.0
WGD2ANC03610	20	8	0.9625	0.98125
WGD2ANC03616	1	7	0.992857142857	1.0
WGD2ANC03631	29	11	0.95	1.0
WGD2ANC03640	8	8	0.99375	0.98125
WGD2ANC03647	2	18	0.986111111111	0.977777777778
WGD2ANC03647	28	6	0.925	1.0
WGD2ANC03648	110	9	0.977777777778	0.966666666667
WGD2ANC03652	4	9	1.0	1.0
WGD2ANC03652	17	16	0.990625	0.990625
WGD2ANC03661	4	19	0.944736842105	1.0
WGD2ANC03671	12	7	0.992857142857	1.0
WGD2ANC03675	1	9	0.977777777778	0.877777777778
WGD2ANC03684	1	8	0.98125	1.0
WGD2ANC03684	10	9	1.0	1.0
WGD2ANC03684	34	7	1.0	0.85
WGD2ANC03684	44	6	0.958333333333	0.975
WGD2ANC03684	55	7	0.964285714286	0.971428571429
WGD2ANC03702	2	25	0.988	1.0
WGD2ANC03721	5	9	0.972222222222	1.0
WGD2ANC03723	4	8	0.9875	0.8375
WGD2ANC03725	9	8	0.96875	1.0
WGD2ANC03728	3	15	0.983333333333	1.0
WGD2ANC03733	45	7	0.992857142857	0.978571428571
WGD2ANC03747	6	6	1.0	1.0
WGD2ANC03753	26	12	0.995833333333	1.0
WGD2ANC03756	4	12	0.983333333333	1.0
WGD2ANC03759	80	11	0.909090909091	1.0
WGD2ANC03761	6	6	0.991666666667	0.891666666667
WGD2ANC03762	25	14	1.0	0.928571428571
WGD2ANC03762	69	9	0.988888888889	1.0
WGD2ANC03766	2	11	0.995454545455	0.990909090909
WGD2ANC03767	1	11	1.0	0.945454545455
WGD2ANC03772	35	7	0.992857142857	1.0
WGD2ANC03778	8	32	0.9546875	1.0
WGD2ANC03782	3	17	0.994117647059	1.0
WGD2ANC03795	16	7	1.0	1.0
WGD2ANC03795	44	13	1.0	0.961538461538
WGD2ANC03797	10	21	0.988095238095	1.0
WGD2ANC03798	34	22	0.997727272727	0.990909090909
WGD2ANC03802	23	7	0.9	1.0
WGD2ANC03806	9	14	0.996428571429	1.0
WGD2ANC03809	21	7	0.9	1.0
WGD2ANC03812	33	11	1.0	1.0
WGD2ANC03812	57	24	1.0	1.0
WGD2ANC03814	2	7	0.978571428571	1.0
WGD2ANC03827	5	6	1.0	0.966666666667
WGD2ANC03847	9	8	0.94375	0.9875
WGD2ANC03847	29	6	0.916666666667	0.9
WGD2ANC03852	39	8	0.85	0.9
WGD2ANC03854	5	10	0.975	1.0
WGD2ANC03854	17	14	0.989285714286	1.0
WGD2ANC03855	38	11	1.0	1.0
WGD2ANC03855	52	12	0.970833333333	1.0
WGD2ANC03858	14	16	0.990625	0.99375
WGD2ANC03862	1	8	0.98125	0.9625
WGD2ANC03863	9	6	0.983333333333	0.991666666667
WGD2ANC03865	9	6	0.983333333333	0.958333333333
WGD2ANC03865	15	6	1.0	0.966666666667
WGD2ANC03865	115	10	0.99	0.98
WGD2ANC03869	47	8	0.98125	0.8375
WGD2ANC03870	208	6	0.983333333333	1.0
WGD2ANC03876	13	9	0.983333333333	1.0
WGD2ANC03876	26	15	0.996666666667	0.923333333333
WGD2ANC03879	81	11	0.95	1.0
WGD2ANC03880	9	17	0.973529411765	1.0
WGD2ANC03881	12	8	0.975	0.90625
WGD2ANC03881	37	9	0.961111111111	1.0
WGD2ANC03883	71	12	0.9875	0.983333333333
WGD2ANC03884	3	13	0.969230769231	1.0
WGD2ANC03884	45	7	0.978571428571	1.0
WGD2ANC03891	8	10	1.0	0.875
WGD2ANC03891	32	6	0.975	0.858333333333
WGD2ANC03891	39	7	1.0	0.9
WGD2ANC03891	49	7	1.0	0.871428571429
WGD2ANC03900	7	13	0.984615384615	1.0
WGD2ANC03900	21	9	1.0	0.994444444444
WGD2ANC03904	16	11	0.963636363636	0.945454545455
WGD2ANC03908	19	20	1.0	1.0
WGD2ANC03908	44	17	1.0	0.994117647059
WGD2ANC03918	4	6	0.966666666667	0.975
WGD2ANC03918	15	12	0.991666666667	0.941666666667
WGD2ANC03919	42	14	0.996428571429	1.0
WGD2ANC03925	8	9	0.955555555556	1.0
WGD2ANC03926	50	9	0.983333333333	1.0
WGD2ANC03926	68	19	0.992105263158	0.997368421053
WGD2ANC03929	13	9	0.938888888889	1.0
WGD2ANC03933	1	19	0.981578947368	0.957894736842
WGD2ANC03934	21	19	0.994736842105	0.984210526316
WGD2ANC03943	19	7	0.964285714286	1.0
WGD2ANC03948	235	11	0.954545454545	0.977272727273
WGD2ANC03962	1	31	0.996774193548	1.0
WGD2ANC03962	33	15	0.996666666667	0.983333333333
WGD2ANC03970	35	15	0.976666666667	0.96
WGD2ANC03972	13	9	0.961111111111	1.0
WGD2ANC03984	50	6	0.966666666667	0.991666666667
WGD2ANC03998	171	6	0.95	0.991666666667
WGD2ANC04000	2	18	0.991666666667	1.0
WGD2ANC04002	4	9	1.0	1.0
WGD2ANC04002	16	10	1.0	0.985
WGD2ANC04008	2	61	0.998360655738	0.99262295082
WGD2ANC04008	63	14	1.0	0.95
WGD2ANC04009	1	9	1.0	0.833333333333
WGD2ANC04009	16	15	1.0	0.996666666667
WGD2ANC04010	141	6	0.991666666667	1.0
WGD2ANC04012	80	15	0.99	1.0
WGD2ANC04013	12	7	0.964285714286	0.95
WGD2ANC04013	38	7	1.0	0.892857142857
WGD2ANC04014	6	14	0.985714285714	0.996428571429
WGD2ANC04014	22	7	1.0	1.0
WGD2ANC04020	8	6	0.983333333333	1.0
WGD2ANC04024	226	12	0.9375	1.0
WGD2ANC04025	8	8	0.96875	0.9375
WGD2ANC04028	15	8	0.95625	0.99375
WGD2ANC04031	105	17	0.970588235294	0.923529411765
WGD2ANC04031	131	25	0.99	1.0
WGD2ANC04032	17	16	1.0	1.0
WGD2ANC04032	36	15	0.986666666667	0.986666666667
WGD2ANC04035	211	8	0.9875	1.0
WGD2ANC04038	14	33	1.0	0.919696969697
WGD2ANC04040	43	7	0.942857142857	1.0
WGD2ANC04043	222	7	0.978571428571	1.0
WGD2ANC04044	181	8	1.0	0.9875
WGD2ANC04051	23	8	0.96875	0.80625
WGD2ANC04051	32	6	0.975	0.8
WGD2ANC04065	6	16	0.971875	1.0
WGD2ANC04066	13	7	0.914285714286	0.978571428571
WGD2ANC04069	5	8	0.85	0.75
WGD2ANC04082	7	11	1.0	1.0
WGD2ANC04082	22	6	0.983333333333	1.0
WGD2ANC04090	151	7	0.942857142857	1.0
WGD2ANC04100	9	7	0.964285714286	1.0
WGD2ANC04104	170	6	0.966666666667	1.0
WGD2ANC04105	39	11	1.0	1.0
WGD2ANC04105	55	14	0.978571428571	1.0
WGD2ANC04105	152	6	0.983333333333	1.0
WGD2ANC04106	21	6	0.908333333333	1.0
WGD2ANC04107	24	11	0.986363636364	1.0
WGD2ANC04115	1	8	1.0	0.9875
WGD2ANC04115	11	15	1.0	0.953333333333
WGD2ANC04115	28	6	0.966666666667	0.966666666667
WGD2ANC04115	38	16	0.99375	1.0
WGD2ANC04119	4	13	0.996153846154	1.0
WGD2ANC04132	4	6	0.941666666667	1.0
WGD2ANC04135	4	14	0.978571428571	1.0
WGD2ANC04146	8	8	0.98125	1.0
WGD2ANC04147	2	13	0.996153846154	0.969230769231
WGD2ANC04148	25	8	0.925	0.98125
WGD2ANC04150	16	8	0.99375	0.96875
WGD2ANC04155	29	7	0.978571428571	1.0
WGD2ANC04155	44	12	0.9875	0.983333333333
WGD2ANC04155	57	6	0.991666666667	0.925
WGD2ANC04161	6	14	0.982142857143	1.0
WGD2ANC04165	5	9	0.961111111111	0.983333333333
WGD2ANC04165	17	17	1.0	0.985294117647
WGD2ANC04168	20	11	0.968181818182	0.986363636364
WGD2ANC04174	1	10	0.825	0.96
WGD2ANC04183	34	16	0.990625	0.990625
WGD2ANC04187	7	7	1.0	0.935714285714
WGD2ANC04187	16	7	0.971428571429	1.0
WGD2ANC04193	3	12	0.958333333333	0.991666666667
WGD2ANC04195	7	8	0.7375	0.99375
WGD2ANC04202	39	7	0.942857142857	0.985714285714
WGD2ANC04205	11	25	1.0	0.996
WGD2ANC04205	43	13	0.965384615385	1.0
WGD2ANC04224	2	10	1.0	1.0
WGD2ANC04225	32	9	0.988888888889	0.955555555556
WGD2ANC04225	48	6	0.983333333333	0.983333333333
WGD2ANC04225	66	13	0.992307692308	0.961538461538
WGD2ANC04228	17	6	0.916666666667	0.991666666667
WGD2ANC04230	23	9	0.955555555556	0.8
WGD2ANC04238	14	12	0.979166666667	0.995833333333
WGD2ANC04243	8	17	0.982352941176	1.0
WGD2ANC04245	6	7	0.992857142857	1.0
WGD2ANC04245	15	23	0.991304347826	0.969565217391
WGD2ANC04253	28	53	0.983018867925	1.0
WGD2ANC04253	90	8	0.95	0.99375
WGD2ANC04255	1	14	1.0	0.971428571429
WGD2ANC04255	20	18	1.0	0.969444444444
WGD2ANC04255	39	8	0.9875	0.975
WGD2ANC04255	57	10	0.9	1.0
WGD2ANC04264	9	19	0.994736842105	0.994736842105
WGD2ANC04264	29	8	1.0	1.0
WGD2ANC04264	43	28	0.996428571429	1.0
WGD2ANC04264	74	15	0.996666666667	0.986666666667
WGD2ANC04264	102	11	1.0	0.990909090909
WGD2ANC04267	42	10	1.0	1.0
WGD2ANC04289	45	11	1.0	0.931818181818
WGD2ANC04293	11	6	1.0	0.933333333333
WGD2ANC04297	218	11	0.968181818182	0.963636363636
WGD2ANC04336	29	12	1.0	0.895833333333
WGD2ANC04342	17	15	0.983333333333	1.0
WGD2ANC04350	3	9	0.994444444444	1.0
WGD2ANC04350	15	11	1.0	0.972727272727
WGD2ANC04353	20	11	0.981818181818	0.986363636364
WGD2ANC04356	19	9	1.0	0.95
WGD2ANC04365	15	10	1.0	0.91
WGD2ANC04366	30	12	0.995833333333	1.0
WGD2ANC04373	5	11	0.986363636364	1.0
WGD2ANC04378	3	20	0.995	0.9925
WGD2ANC04378	31	12	0.958333333333	0.979166666667
WGD2ANC04380	8	6	0.983333333333	0.983333333333
WGD2ANC04381	73	6	0.991666666667	0.941666666667
WGD2ANC04382	4	8	1.0	0.975
WGD2ANC04382	14	6	1.0	0.941666666667
WGD2ANC04382	26	19	0.984210526316	0.978947368421
WGD2ANC04383	9	8	0.9875	0.98125
WGD2ANC04388	24	7	0.928571428571	0.985714285714
WGD2ANC04390	10	11	1.0	0.981818181818
WGD2ANC04390	21	9	0.977777777778	0.983333333333
WGD2ANC04392	11	6	0.941666666667	1.0
WGD2ANC04397	23	9	0.9	0.8
WGD2ANC04398	26	7	1.0	1.0
WGD2ANC04399	20	9	0.883333333333	0.944444444444
WGD2ANC04403	12	13	0.934615384615	0.988461538462
WGD2ANC04413	18	8	1.0	1.0
WGD2ANC04413	29	10	1.0	0.97
WGD2ANC04413	40	7	0.985714285714	0.95
WGD2ANC04415	29	21	0.992857142857	1.0
WGD2ANC04415	68	8	0.9875	0.825
WGD2ANC04416	2	8	0.9625	0.9
WGD2ANC04416	41	19	0.994736842105	1.0
WGD2ANC04416	63	13	0.996153846154	0.992307692308
WGD2ANC04416	76	10	0.945	1.0
WGD2ANC04416	98	29	0.998275862069	0.989655172414
WGD2ANC04421	25	13	0.984615384615	1.0
WGD2ANC04421	58	13	0.980769230769	1.0
WGD2ANC04424	8	8	1.0	0.93125
WGD2ANC04424	31	6	1.0	1.0
WGD2ANC04424	43	8	1.0	0.925
WGD2ANC04425	16	9	1.0	0.977777777778
WGD2ANC04429	14	9	0.983333333333	0.955555555556
WGD2ANC04431	1	10	0.985	0.98
WGD2ANC04437	28	26	0.998076923077	0.996153846154
WGD2ANC04447	39	14	1.0	1.0
WGD2ANC04447	57	14	0.989285714286	0.982142857143
WGD2ANC04447	73	9	0.994444444444	0.988888888889
WGD2ANC04448	24	7	0.957142857143	1.0
WGD2ANC04448	53	7	0.95	1.0
WGD2ANC04459	50	7	0.985714285714	0.914285714286
WGD2ANC04463	10	6	0.958333333333	1.0
WGD2ANC04473	60	9	0.994444444444	1.0
WGD2ANC04477	1	8	1.0	0.93125
WGD2ANC04477	10	9	0.988888888889	1.0
WGD2ANC04483	52	6	0.958333333333	1.0
WGD2ANC04494	24	6	1.0	0.983333333333
WGD2ANC04504	126	11	0.963636363636	1.0
WGD2ANC04506	5	52	0.9875	1.0
WGD2ANC04514	13	6	1.0	0.983333333333
WGD2ANC04519	41	7	0.942857142857	1.0
WGD2ANC04534	16	18	1.0	0.977777777778
WGD2ANC04534	35	19	0.981578947368	0.942105263158
WGD2ANC04547	5	14	0.935714285714	1.0
WGD2ANC04551	17	20	0.995	0.9975
WGD2ANC04559	6	11	0.977272727273	0.904545454545
WGD2ANC04570	32	12	0.983333333333	0.966666666667
WGD2ANC04573	3	8	1.0	1.0
WGD2ANC04573	14	8	0.9625	0.9625
WGD2ANC04573	60	9	0.983333333333	0.988888888889
WGD2ANC04582	19	10	0.925	0.97
WGD2ANC04588	4	6	0.975	0.991666666667
WGD2ANC04589	3	7	1.0	0.978571428571
WGD2ANC04589	15	10	0.9	0.985
WGD2ANC04594	45	6	0.958333333333	1.0
WGD2ANC04594	59	11	0.959090909091	0.986363636364
WGD2ANC04599	28	9	0.994444444444	1.0
WGD2ANC04599	50	12	1.0	0.983333333333
WGD2ANC04599	65	10	1.0	1.0
WGD2ANC04600	6	13	0.984615384615	1.0
WGD2ANC04606	32	6	0.966666666667	0.983333333333
WGD2ANC04625	3	6	0.991666666667	0.975
WGD2ANC04625	9	8	1.0	0.88125
WGD2ANC04659	0	18	1.0	0.975
WGD2ANC04663	145	7	0.957142857143	1.0
WGD2ANC04663	204	16	1.0	0.990625
WGD2ANC04664	2	22	0.988636363636	0.986363636364
WGD2ANC04664	101	7	0.985714285714	0.928571428571
WGD2ANC04664	118	7	0.992857142857	0.985714285714
WGD2ANC04664	150	17	0.994117647059	0.941176470588
WGD2ANC04670	4	16	0.990625	1.0
WGD2ANC04676	2	9	0.966666666667	1.0
WGD2ANC04678	84	19	0.976315789474	1.0
WGD2ANC04679	16	6	1.0	0.958333333333
WGD2ANC04679	24	8	1.0	0.95
WGD2ANC04679	33	25	1.0	1.0
WGD2ANC04679	60	16	0.99375	1.0
WGD2ANC04683	3	7	0.957142857143	0.985714285714
WGD2ANC04685	45	8	0.98125	1.0
WGD2ANC04697	1	11	0.986363636364	1.0
WGD2ANC04700	4	9	0.977777777778	0.983333333333
WGD2ANC04700	19	7	1.0	1.0
WGD2ANC04700	31	12	0.979166666667	0.883333333333
WGD2ANC04703	135	7	0.928571428571	1.0
WGD2ANC04716	18	10	0.96	0.99
WGD2ANC04716	31	6	0.966666666667	0.975
WGD2ANC04716	40	7	0.928571428571	0.978571428571
WGD2ANC04720	6	11	0.977272727273	0.990909090909
WGD2ANC04733	47	9	0.977777777778	1.0
WGD2ANC04747	88	9	0.966666666667	1.0
WGD2ANC04750	24	7	0.95	0.985714285714
WGD2ANC04751	8	10	0.99	0.94
WGD2ANC04755	2	23	0.995652173913	0.958695652174
WGD2ANC04769	5	7	0.971428571429	1.0
WGD2ANC04771	22	8	0.9875	0.99375
WGD2ANC04771	51	10	0.98	1.0
WGD2ANC04778	167	10	0.99	1.0
WGD2ANC04778	210	7	0.971428571429	1.0
WGD2ANC04784	2	16	0.99375	1.0
WGD2ANC04789	15	26	0.992307692308	1.0
WGD2ANC04796	142	12	0.991666666667	1.0
WGD2ANC04809	22	31	0.995161290323	0.966129032258
WGD2ANC04810	17	8	0.9	0.9375
WGD2ANC04811	6	39	0.989743589744	0.987179487179
WGD2ANC04820	44	7	0.964285714286	0.814285714286
WGD2ANC04828	150	20	0.98	1.0
WGD2ANC04829	37	24	0.99375	0.991666666667
WGD2ANC04830	13	13	0.992307692308	0.992307692308
WGD2ANC04833	19	16	1.0	1.0
WGD2ANC04833	38	8	0.96875	0.95
WGD2ANC04833	64	13	0.961538461538	1.0
WGD2ANC04833	85	8	0.975	1.0
WGD2ANC04836	5	33	0.987878787879	0.989393939394
WGD2ANC04836	40	25	0.996	1.0
WGD2ANC04836	69	12	0.929166666667	1.0
WGD2ANC04836	242	6	1.0	1.0
WGD2ANC04837	1	13	0.996153846154	1.0
WGD2ANC04840	31	39	0.989743589744	0.9
WGD2ANC04846	39	12	0.983333333333	0.9
WGD2ANC04847	23	27	0.988888888889	1.0
WGD2ANC04847	55	6	0.966666666667	0.975
WGD2ANC04862	138	7	0.942857142857	1.0
WGD2ANC04864	18	20	0.99	0.9225
WGD2ANC04864	49	6	0.975	1.0
WGD2ANC04864	89	7	0.985714285714	0.992857142857
WGD2ANC04870	17	7	0.935714285714	1.0
WGD2ANC04870	30	12	0.979166666667	0.995833333333
WGD2ANC04875	5	9	0.994444444444	1.0
WGD2ANC04878	6	8	0.9875	0.89375
WGD2ANC04879	4	8	0.95	1.0
WGD2ANC04883	3	7	0.971428571429	1.0
WGD2ANC04885	7	8	0.95625	0.95625
WGD2ANC04886	16	6	0.983333333333	1.0
WGD2ANC04886	30	17	0.991176470588	0.991176470588
WGD2ANC04886	52	8	0.96875	0.975
WGD2ANC04897	9	8	1.0	0.91875
WGD2ANC04921	26	6	0.983333333333	0.95
WGD2ANC04922	53	17	0.988235294118	0.967647058824
WGD2ANC04928	7	11	0.968181818182	0.977272727273
WGD2ANC04932	19	12	1.0	0.9875
WGD2ANC04932	33	14	1.0	0.989285714286
WGD2ANC04940	21	9	0.916666666667	1.0
WGD2ANC04942	8	9	1.0	0.994444444444
WGD2ANC04943	1	12	0.9875	0.991666666667
WGD2ANC04959	6	11	0.963636363636	0.95
WGD2ANC04963	24	12	0.920833333333	0.9875
WGD2ANC04963	174	12	0.983333333333	0.995833333333
WGD2ANC04966	7	16	0.99375	0.990625
WGD2ANC04966	23	7	0.971428571429	0.942857142857
WGD2ANC04966	32	17	0.988235294118	0.958823529412
WGD2ANC04967	98	10	0.96	0.95
WGD2ANC04973	4	6	0.958333333333	1.0
WGD2ANC04973	28	7	0.985714285714	0.978571428571
WGD2ANC04976	4	16	1.0	0.984375
WGD2ANC04978	35	11	0.954545454545	0.963636363636
WGD2ANC04989	3	6	1.0	0.966666666667
WGD2ANC04990	1	11	0.986363636364	0.968181818182
WGD2ANC04990	13	6	0.966666666667	1.0
WGD2ANC04992	44	6	0.983333333333	1.0
WGD2ANC04995	2	10	0.995	1.0
WGD2ANC05000	6	22	1.0	0.997727272727
WGD2ANC05000	31	13	1.0	0.988461538462
WGD2ANC05000	68	10	1.0	1.0
WGD2ANC05000	79	12	0.995833333333	1.0
WGD2ANC05002	2	7	0.964285714286	1.0
WGD2ANC05009	34	17	0.994117647059	0.991176470588
WGD2ANC05009	54	14	0.989285714286	0.960714285714
WGD2ANC05013	51	9	0.988888888889	0.988888888889
WGD2ANC05014	16	7	0.971428571429	0.95
WGD2ANC05016	24	22	0.970454545455	0.990909090909
WGD2ANC05016	52	14	0.982142857143	1.0
WGD2ANC05019	3	9	0.972222222222	0.983333333333
WGD2ANC05023	14	7	0.9	1.0
WGD2ANC05032	16	16	0.990625	1.0
WGD2ANC05037	4	17	0.958823529412	1.0
WGD2ANC05041	3	7	0.95	0.964285714286
WGD2ANC05041	15	16	0.959375	1.0
WGD2ANC05048	42	7	0.971428571429	0.985714285714
WGD2ANC05048	53	8	1.0	1.0
WGD2ANC05048	106	10	0.91	1.0
WGD2ANC05055	87	14	0.982142857143	1.0
WGD2ANC05057	11	15	0.98	0.95
WGD2ANC05073	24	8	0.975	1.0
WGD2ANC05073	48	7	1.0	0.942857142857
WGD2ANC05073	75	18	0.991666666667	0.997222222222
WGD2ANC05078	9	9	0.988888888889	0.933333333333
WGD2ANC05084	20	13	0.988461538462	0.942307692308
WGD2ANC05084	38	16	0.975	1.0
WGD2ANC05093	1	21	0.992857142857	1.0
WGD2ANC05093	49	7	0.978571428571	1.0
WGD2ANC05103	19	15	1.0	0.99
WGD2ANC05106	151	11	0.995454545455	0.968181818182
WGD2ANC05106	172	10	0.935	0.965
WGD2ANC05107	21	9	0.977777777778	0.872222222222
WGD2ANC05112	63	10	0.985	0.85
WGD2ANC05119	45	8	0.96875	1.0
WGD2ANC05134	2	8	0.9875	1.0
WGD2ANC05134	25	13	0.984615384615	1.0
WGD2ANC05177	1	13	0.988461538462	1.0
WGD2ANC05179	88	19	0.994736842105	0.986842105263
WGD2ANC05180	111	10	0.965	0.98
WGD2ANC05181	37	6	0.975	0.966666666667
WGD2ANC05181	58	8	0.9625	1.0
WGD2ANC05182	27	10	0.9	0.8
WGD2ANC05185	22	21	1.0	0.990476190476
WGD2ANC05185	54	14	1.0	0.989285714286
WGD2ANC05187	24	8	1.0	0.99375
WGD2ANC05188	3	16	1.0	0.990625
WGD2ANC05191	71	11	0.981818181818	1.0
WGD2ANC05197	7	9	0.988888888889	0.95
WGD2ANC05202	5	22	0.990909090909	1.0
WGD2ANC05202	109	7	0.971428571429	1.0
WGD2ANC05203	7	12	0.983333333333	1.0
WGD2ANC05203	28	10	0.995	1.0
WGD2ANC05205	39	8	0.9375	1.0
WGD2ANC05217	18	9	1.0	0.972222222222
WGD2ANC05222	141	15	1.0	0.926666666667
WGD2ANC05229	25	12	0.983333333333	0.945833333333
WGD2ANC05233	36	10	0.98	0.945
WGD2ANC05236	9	6	1.0	1.0
WGD2ANC05236	16	12	1.0	0.975
WGD2ANC05236	33	11	0.986363636364	1.0
WGD2ANC05240	42	7	0.971428571429	1.0
WGD2ANC05243	51	8	0.99375	1.0
WGD2ANC05260	22	8	0.99375	0.9375
WGD2ANC05262	15	7	1.0	0.971428571429
WGD2ANC05263	9	13	0.984615384615	0.976923076923
WGD2ANC05263	27	10	0.98	1.0
WGD2ANC05263	41	7	0.928571428571	1.0
WGD2ANC05263	51	20	0.995	0.985
WGD2ANC05263	80	20	0.995	0.9925
WGD2ANC05263	188	19	0.989473684211	0.971052631579
WGD2ANC05271	29	10	0.99	1.0
WGD2ANC05286	10	10	0.99	1.0
WGD2ANC05286	24	8	0.9875	0.9875
WGD2ANC05287	1	15	0.993333333333	0.99
WGD2ANC05291	18	8	1.0	0.975
WGD2ANC05297	57	13	0.976923076923	0.95
WGD2ANC05300	3	14	1.0	0.989285714286
WGD2ANC05300	20	15	0.996666666667	1.0
WGD2ANC05314	6	17	1.0	0.947058823529
WGD2ANC05318	22	10	0.99	0.99
WGD2ANC05337	34	6	0.983333333333	1.0
WGD2ANC05356	46	8	0.9625	1.0
WGD2ANC05357	2	7	0.978571428571	1.0
WGD2ANC05357	16	11	1.0	0.977272727273
WGD2ANC05357	197	7	0.964285714286	0.907142857143
WGD2ANC05361	198	11	0.945454545455	0.990909090909
WGD2ANC05363	86	7	0.85	0.992857142857
WGD2ANC05364	10	27	0.985185185185	0.987037037037
WGD2ANC05364	49	10	0.98	1.0
WGD2ANC05368	15	7	1.0	0.964285714286
WGD2ANC05379	29	10	0.98	0.985
WGD2ANC05385	7	28	1.0	0.966071428571
WGD2ANC05404	45	9	0.744444444444	0.983333333333
WGD2ANC05406	5	8	0.9625	1.0
WGD2ANC05408	12	10	0.995	0.975
WGD2ANC05409	215	8	0.925	1.0
WGD2ANC05413	8	7	0.957142857143	1.0
WGD2ANC05414	9	9	0.972222222222	0.966666666667
WGD2ANC05424	2	9	0.966666666667	0.977777777778
WGD2ANC05426	21	6	0.958333333333	1.0
WGD2ANC05426	153	6	0.941666666667	1.0
WGD2ANC05433	33	12	0.970833333333	0.975
WGD2ANC05446	23	12	0.995833333333	1.0
WGD2ANC05451	42	7	1.0	1.0
WGD2ANC05451	49	6	0.983333333333	1.0
WGD2ANC05451	65	14	0.985714285714	1.0
WGD2ANC05453	2	18	0.988888888889	0.983333333333
WGD2ANC05456	3	11	0.977272727273	0.904545454545
WGD2ANC05459	14	8	0.96875	1.0
WGD2ANC05475	3	10	0.99	0.82
WGD2ANC05480	18	15	0.996666666667	1.0
WGD2ANC05483	46	10	0.975	1.0
WGD2ANC05486	18	11	0.995454545455	0.972727272727
WGD2ANC05491	150	6	0.933333333333	1.0
WGD2ANC05497	48	16	0.990625	0.996875
WGD2ANC05497	71	15	0.976666666667	0.993333333333
WGD2ANC05501	8	27	0.996296296296	0.992592592593
WGD2ANC05501	35	8	0.975	0.975
WGD2ANC05504	2	10	0.995	0.895
WGD2ANC05505	9	18	0.997222222222	0.994444444444
WGD2ANC05508	7	9	0.988888888889	1.0
WGD2ANC05511	39	10	0.99	1.0
WGD2ANC05513	35	17	0.994117647059	0.988235294118
WGD2ANC05513	61	9	0.983333333333	0.977777777778
WGD2ANC05520	43	9	0.966666666667	1.0
WGD2ANC05528	2	26	0.992307692308	1.0
WGD2ANC05536	2	18	0.997222222222	0.994444444444
WGD2ANC05536	20	7	0.992857142857	0.928571428571
WGD2ANC05536	35	10	0.995	1.0
WGD2ANC05537	210	7	0.985714285714	0.992857142857
WGD2ANC05543	2	6	0.983333333333	0.908333333333
WGD2ANC05543	11	9	0.888888888889	0.794444444444
WGD2ANC05547	3	8	0.96875	1.0
WGD2ANC05547	22	8	1.0	0.89375
WGD2ANC05555	32	23	0.995652173913	0.926086956522
WGD2ANC05562	77	10	0.96	1.0
WGD2ANC05563	11	9	0.938888888889	1.0
WGD2ANC05563	23	18	0.986111111111	0.994444444444
WGD2ANC05563	75	8	0.925	1.0
WGD2ANC05567	2	15	1.0	1.0
WGD2ANC05570	4	13	0.965384615385	1.0
WGD2ANC05576	5	16	0.984375	1.0
WGD2ANC05590	10	6	0.983333333333	1.0
WGD2ANC05591	15	17	0.994117647059	1.0
WGD2ANC05595	6	6	1.0	1.0
WGD2ANC05597	22	9	0.988888888889	1.0
WGD2ANC05597	31	21	1.0	1.0
WGD2ANC05597	56	12	0.9625	1.0
WGD2ANC05597	136	8	0.9625	1.0
WGD2ANC05598	10	8	0.975	0.9625
WGD2ANC05598	23	6	0.975	0.9
WGD2ANC05600	4	11	0.986363636364	1.0
WGD2ANC05606	11	18	0.997222222222	1.0
WGD2ANC05606	37	7	1.0	0.95
WGD2ANC05610	17	14	0.996428571429	1.0
WGD2ANC05610	34	8	0.975	0.95
WGD2ANC05628	2	10	0.98	1.0
WGD2ANC05631	13	6	1.0	0.975
WGD2ANC05636	3	28	0.978571428571	0.992857142857
WGD2ANC05636	32	34	0.995588235294	0.936764705882
WGD2ANC05640	8	10	0.975	1.0
WGD2ANC05641	11	14	0.95	0.992857142857
WGD2ANC05645	10	9	0.983333333333	1.0
WGD2ANC05650	2	11	0.990909090909	1.0
WGD2ANC05654	13	19	1.0	0.968421052632
WGD2ANC05656	2	6	0.991666666667	1.0
WGD2ANC05657	2	12	0.9875	1.0
WGD2ANC05661	34	28	0.992857142857	1.0
WGD2ANC05661	67	7	0.985714285714	0.95
WGD2ANC05663	3	7	0.914285714286	1.0
WGD2ANC05670	11	9	0.994444444444	0.961111111111
WGD2ANC05671	2	10	0.98	1.0
WGD2ANC05671	18	17	0.973529411765	0.985294117647
WGD2ANC05682	66	6	0.95	0.966666666667
WGD2ANC05685	16	7	0.942857142857	1.0
WGD2ANC05685	32	9	0.9	0.9
WGD2ANC05688	9	7	0.992857142857	0.964285714286
WGD2ANC05691	4	8	0.99375	1.0
WGD2ANC05693	20	6	0.925	0.966666666667
WGD2ANC05699	6	6	0.975	0.958333333333
WGD2ANC05711	19	6	0.9	0.991666666667
WGD2ANC05715	32	7	0.985714285714	0.914285714286
WGD2ANC05720	2	15	0.99	1.0
WGD2ANC05720	28	23	0.991304347826	0.986956521739
WGD2ANC05720	53	8	1.0	0.9375
WGD2ANC05721	1	6	0.991666666667	1.0
WGD2ANC05721	10	14	0.982142857143	0.985714285714
WGD2ANC05723	3	14	0.939285714286	1.0
WGD2ANC05740	3	7	0.992857142857	0.992857142857
WGD2ANC05740	14	16	0.9875	0.996875
WGD2ANC05740	47	26	0.996153846154	0.846153846154
WGD2ANC05754	3	6	0.991666666667	1.0
WGD2ANC05755	5	9	1.0	0.977777777778
WGD2ANC05755	15	10	0.975	0.995
WGD2ANC05755	33	12	1.0	1.0
WGD2ANC05755	49	9	0.983333333333	0.95
WGD2ANC05755	64	7	0.978571428571	1.0
WGD2ANC05755	74	8	1.0	0.99375
WGD2ANC05755	84	10	1.0	1.0
WGD2ANC05755	108	7	0.978571428571	0.892857142857
WGD2ANC05771	20	27	0.966666666667	1.0
WGD2ANC05778	23	12	0.991666666667	1.0
